1.413574218750000000e-01
-9.755859375000000000e-01
-1.722656250000000000e+00
7.666015625000000000e-02
-1.204101562500000000e+00
1.446289062500000000e+00
5.828857421875000000e-02
-9.116210937500000000e-01
-1.879882812500000000e+00
3.925781250000000000e-01
1.099609375000000000e+00
-1.053710937500000000e+00
5.405273437500000000e-01
-2.130126953125000000e-01
1.476562500000000000e+00
2.005615234375000000e-01
-2.207031250000000000e+00
-2.535156250000000000e+00
-6.752929687500000000e-01
5.950927734375000000e-02
-1.541992187500000000e+00
-1.441406250000000000e+00
-5.822181701660156250e-04
1.007812500000000000e+00
-2.758789062500000000e-01
1.686523437500000000e+00
5.048828125000000000e-01
5.019531250000000000e-01
8.945312500000000000e-01
7.705078125000000000e-01
-1.773437500000000000e+00
5.419921875000000000e-01
1.108398437500000000e+00
3.234863281250000000e-03
1.338867187500000000e+00
3.552246093750000000e-01
3.449707031250000000e-01
9.921875000000000000e-01
-4.362792968750000000e-01
-2.375488281250000000e-01
7.988281250000000000e-01
-4.538574218750000000e-01
3.134155273437500000e-02
-1.661132812500000000e+00
-9.604492187500000000e-01
-1.311523437500000000e+00
-2.232421875000000000e+00
1.147460937500000000e+00
-1.142578125000000000e+00
-6.386718750000000000e-01
4.951171875000000000e-01
-1.474609375000000000e+00
-3.353515625000000000e+00
-4.672241210937500000e-02
-6.406250000000000000e-01
7.812500000000000000e-01
-1.024169921875000000e-01
-1.862304687500000000e+00
-5.224609375000000000e-01
9.614257812500000000e-01
-2.498046875000000000e+00
-7.016601562500000000e-01
6.614685058593750000e-03
2.491455078125000000e-01
3.072265625000000000e+00
-4.914550781250000000e-01
6.532669067382812500e-04
2.103515625000000000e+00
-1.224609375000000000e+00
1.760742187500000000e+00
-1.983642578125000000e-01
-4.094238281250000000e-01
4.218750000000000000e-01
-1.644531250000000000e+00
-1.585937500000000000e+00
2.000427246093750000e-02
-2.316894531250000000e-01
-1.420898437500000000e+00
6.293945312500000000e-01
7.382812500000000000e-01
4.110717773437500000e-02
7.563476562500000000e-01
5.595703125000000000e-01
2.049560546875000000e-01
2.719726562500000000e-01
1.466796875000000000e+00
1.634765625000000000e+00
1.351318359375000000e-01
1.450195312500000000e+00
-1.815429687500000000e+00
6.684570312500000000e-01
1.796875000000000000e+00
-2.668457031250000000e-01
1.382812500000000000e+00
-4.089355468750000000e-01
-9.448242187500000000e-01
6.992187500000000000e-01
3.156738281250000000e-01
1.666015625000000000e+00
1.383789062500000000e+00
1.198242187500000000e+00
-2.601562500000000000e+00
-1.433593750000000000e+00
1.012695312500000000e+00
3.879394531250000000e-01
2.504882812500000000e-01
6.228637695312500000e-02
-3.117370605468750000e-02
2.382812500000000000e-01
3.093261718750000000e-01
1.025390625000000000e+00
6.728515625000000000e-01
-2.324218750000000000e+00
-8.215332031250000000e-02
-2.013671875000000000e+00
2.104492187500000000e-01
-1.800781250000000000e+00
1.991210937500000000e+00
1.756286621093750000e-02
7.705078125000000000e-01
9.252929687500000000e-01
2.576171875000000000e+00
7.109375000000000000e-01
1.541992187500000000e+00
-1.624755859375000000e-01
1.524414062500000000e+00
1.766601562500000000e+00
-7.314453125000000000e-01
4.716796875000000000e-01
5.014648437500000000e-01
3.889160156250000000e-01
1.052734375000000000e+00
1.496582031250000000e-01
-1.080078125000000000e+00
1.107788085937500000e-01
-1.581054687500000000e+00
5.117187500000000000e-01
-5.771484375000000000e-01
1.931640625000000000e+00
3.718750000000000000e+00
-3.950195312500000000e-01
4.824218750000000000e-01
-2.138671875000000000e+00
-7.504882812500000000e-01
9.824218750000000000e-01
5.419921875000000000e-01
-1.009765625000000000e+00
-2.570800781250000000e-01
8.032226562500000000e-01
4.987792968750000000e-01
-2.429687500000000000e+00
-9.558105468750000000e-02
4.343261718750000000e-01
7.802734375000000000e-01
9.819335937500000000e-01
1.029296875000000000e+00
1.101562500000000000e+00
4.079589843750000000e-01
-5.302734375000000000e-01
-9.951171875000000000e-01
-1.844482421875000000e-01
-3.852539062500000000e-01
-8.496093750000000000e-01
-9.368896484375000000e-03
-4.985351562500000000e-01
3.081054687500000000e-01
1.124023437500000000e+00
4.138183593750000000e-01
2.535156250000000000e+00
-2.286376953125000000e-01
-1.516601562500000000e+00
-8.491210937500000000e-01
-6.909179687500000000e-01
-1.159179687500000000e+00
1.350097656250000000e-01
1.241210937500000000e+00
-1.428710937500000000e+00
3.020019531250000000e-01
-6.108398437500000000e-01
-1.712890625000000000e+00
1.024414062500000000e+00
-6.630859375000000000e-01
7.285156250000000000e-01
1.151367187500000000e+00
1.571289062500000000e+00
-2.141113281250000000e-01
2.907714843750000000e-01
-4.921875000000000000e-01
1.855850219726562500e-03
2.007812500000000000e+00
1.072998046875000000e-01
-5.917968750000000000e-01
-1.194335937500000000e+00
-9.643554687500000000e-01
-2.408203125000000000e+00
-8.046875000000000000e-01
2.824707031250000000e-01
-3.356933593750000000e-02
-1.734375000000000000e+00
1.065429687500000000e+00
-8.990478515625000000e-02
5.307617187500000000e-01
8.261718750000000000e-01
1.933593750000000000e+00
-1.646484375000000000e+00
-9.130859375000000000e-02
-2.867126464843750000e-02
1.340820312500000000e+00
-2.064208984375000000e-01
-1.892089843750000000e-01
-8.999023437500000000e-01
-1.199218750000000000e+00
-2.242187500000000000e+00
9.677734375000000000e-01
-2.363281250000000000e+00
4.121093750000000000e-01
1.431640625000000000e+00
1.584472656250000000e-01
-1.426757812500000000e+00
-1.028320312500000000e+00
2.406250000000000000e+00
4.169921875000000000e-01
1.598632812500000000e+00
-1.893554687500000000e+00
3.261718750000000000e-01
-5.917968750000000000e-01
3.723144531250000000e-01
6.806640625000000000e-01
-1.335937500000000000e+00
6.538085937500000000e-01
-4.050781250000000000e+00
-1.243164062500000000e+00
-3.977050781250000000e-01
-2.792968750000000000e+00
1.003906250000000000e+00
2.663574218750000000e-01
3.566894531250000000e-01
-7.006835937500000000e-01
-1.562500000000000000e-01
2.544921875000000000e+00
-9.790039062500000000e-02
1.114257812500000000e+00
-2.180175781250000000e-01
1.974609375000000000e+00
-3.679687500000000000e+00
1.152343750000000000e+00
-1.877929687500000000e+00
-2.417968750000000000e+00
-5.463867187500000000e-01
-1.186523437500000000e+00
-5.019531250000000000e-01
1.100585937500000000e+00
-7.929687500000000000e-01
-3.942871093750000000e-01
9.296875000000000000e-01
1.141601562500000000e+00
-1.769531250000000000e+00
-7.763671875000000000e-01
-1.579284667968750000e-03
-5.756835937500000000e-01
-8.208007812500000000e-01
-4.052734375000000000e-01
9.028320312500000000e-01
-6.918945312500000000e-01
1.296875000000000000e+00
-8.466796875000000000e-01
-3.144531250000000000e-01
-7.475585937500000000e-01
-5.878906250000000000e-01
-2.238769531250000000e-01
1.083007812500000000e+00
3.306640625000000000e+00
4.306640625000000000e-01
1.016601562500000000e+00
2.053222656250000000e-01
1.125000000000000000e+00
2.487792968750000000e-01
2.125000000000000000e+00
-8.685302734375000000e-02
-3.925781250000000000e-01
-1.715820312500000000e+00
1.154296875000000000e+00
-1.029296875000000000e+00
3.928222656250000000e-01
-7.841796875000000000e-01
7.163085937500000000e-01
9.790039062500000000e-02
2.232421875000000000e+00
1.585693359375000000e-01
-6.616210937500000000e-01
-4.401855468750000000e-01
-3.129882812500000000e-01
4.287109375000000000e-01
9.311523437500000000e-01
-1.096679687500000000e+00
-4.418945312500000000e-01
1.806640625000000000e+00
-2.861328125000000000e+00
-1.765625000000000000e+00
8.095703125000000000e-01
-7.977294921875000000e-02
-1.300781250000000000e+00
-6.567382812500000000e-01
6.953125000000000000e-01
4.711914062500000000e-01
1.457031250000000000e+00
-5.526542663574218750e-04
-8.608398437500000000e-01
1.520507812500000000e+00
-1.045898437500000000e+00
-1.187133789062500000e-01
-1.636962890625000000e-01
1.800537109375000000e-01
-2.607421875000000000e-01
9.809570312500000000e-01
1.582031250000000000e+00
1.228515625000000000e+00
-3.107421875000000000e+00
8.833007812500000000e-01
9.184570312500000000e-01
-8.496093750000000000e-01
-7.260742187500000000e-01
2.609863281250000000e-01
-4.453125000000000000e-01
2.360839843750000000e-01
1.518554687500000000e+00
1.132812500000000000e+00
-7.119140625000000000e-01
6.201171875000000000e-01
-1.529296875000000000e+00
-1.912841796875000000e-01
-4.792480468750000000e-01
-6.039428710937500000e-02
2.473144531250000000e-01
4.302978515625000000e-02
-6.723632812500000000e-01
5.073242187500000000e-01
2.475585937500000000e-01
1.505859375000000000e+00
-1.642578125000000000e+00
5.942382812500000000e-01
5.566406250000000000e-01
7.460937500000000000e-01
-9.008789062500000000e-01
8.549804687500000000e-01
4.353027343750000000e-01
-2.296875000000000000e+00
1.146484375000000000e+00
6.538085937500000000e-01
1.148437500000000000e+00
7.958984375000000000e-01
-7.910156250000000000e-01
1.273437500000000000e+00
2.349609375000000000e+00
-1.816406250000000000e-01
-8.505859375000000000e-01
1.369140625000000000e+00
-1.922607421875000000e-01
-9.624023437500000000e-01
1.864013671875000000e-01
2.115234375000000000e+00
7.397460937500000000e-01
-1.126953125000000000e+00
4.223632812500000000e-01
1.559570312500000000e+00
3.879547119140625000e-03
-6.435546875000000000e-01
-1.673828125000000000e+00
1.606445312500000000e+00
-2.284240722656250000e-02
1.250976562500000000e+00
-1.227539062500000000e+00
-8.496093750000000000e-01
-1.089843750000000000e+00
-3.004455566406250000e-02
2.073974609375000000e-01
-1.381835937500000000e+00
4.194335937500000000e-01
1.032226562500000000e+00
-5.439758300781250000e-03
-7.045898437500000000e-01
9.655761718750000000e-02
6.094360351562500000e-02
-3.710937500000000000e-01
-5.947265625000000000e-01
-1.125976562500000000e+00
4.719238281250000000e-01
3.757324218750000000e-01
-1.288085937500000000e+00
1.461914062500000000e+00
-4.143066406250000000e-01
-1.636718750000000000e+00
-1.169433593750000000e-01
1.194335937500000000e+00
-6.147460937500000000e-01
-1.894531250000000000e+00
-6.945800781250000000e-02
9.155273437500000000e-01
-4.975585937500000000e-01
-5.281250000000000000e+00
-1.325195312500000000e+00
1.036132812500000000e+00
2.101562500000000000e+00
-1.010742187500000000e+00
8.261718750000000000e-01
-7.192382812500000000e-01
-6.416015625000000000e-01
1.954345703125000000e-01
-6.215820312500000000e-01
-1.798828125000000000e+00
8.759765625000000000e-01
8.613281250000000000e-01
2.362060546875000000e-01
2.575683593750000000e-01
-4.946289062500000000e-01
-6.840820312500000000e-01
-1.005859375000000000e-01
1.751953125000000000e+00
1.351562500000000000e+00
1.125000000000000000e+00
-5.605468750000000000e-01
-3.095626831054687500e-03
1.287109375000000000e+00
6.401367187500000000e-01
4.780273437500000000e-01
-1.632812500000000000e+00
9.995117187500000000e-01
-1.145629882812500000e-01
-3.864746093750000000e-01
-7.548828125000000000e-01
2.822265625000000000e+00
-9.063720703125000000e-02
6.610107421875000000e-02
1.912109375000000000e+00
2.408203125000000000e+00
-1.082031250000000000e+00
-1.384765625000000000e+00
-6.064453125000000000e-01
-5.874023437500000000e-01
8.662109375000000000e-01
-4.521484375000000000e-01
6.376953125000000000e-01
9.926757812500000000e-01
2.894531250000000000e+00
1.528320312500000000e+00
-8.413085937500000000e-01
7.226562500000000000e-01
-5.871582031250000000e-02
1.608886718750000000e-01
7.099609375000000000e-01
-1.217651367187500000e-01
6.743164062500000000e-01
-6.250000000000000000e-01
-2.476806640625000000e-01
-3.415527343750000000e-01
-1.544921875000000000e+00
-1.416015625000000000e+00
5.097656250000000000e-01
2.568359375000000000e-01
-1.775390625000000000e+00
4.084472656250000000e-01
-8.559570312500000000e-01
6.245117187500000000e-01
3.601562500000000000e+00
5.380859375000000000e-01
-7.778320312500000000e-01
-9.442138671875000000e-02
-1.451171875000000000e+00
1.200195312500000000e+00
3.347167968750000000e-01
-3.205566406250000000e-01
-9.570312500000000000e-02
8.813476562500000000e-01
1.115234375000000000e+00
-2.052734375000000000e+00
6.337890625000000000e-01
-1.140594482421875000e-02
-3.544921875000000000e+00
7.897949218750000000e-02
-1.278320312500000000e+00
1.580078125000000000e+00
-1.916992187500000000e+00
-1.903320312500000000e+00
-4.274902343750000000e-01
-1.252929687500000000e+00
1.838867187500000000e+00
3.627929687500000000e-01
1.213378906250000000e-01
-5.556640625000000000e-01
9.326171875000000000e-01
-4.560546875000000000e-01
1.133789062500000000e+00
-6.000976562500000000e-01
7.509765625000000000e-01
3.225708007812500000e-02
3.681640625000000000e-01
-1.117187500000000000e+00
9.970703125000000000e-01
5.385742187500000000e-01
-4.475097656250000000e-01
3.034667968750000000e-01
8.544921875000000000e-01
6.640625000000000000e-02
-2.369384765625000000e-01
3.183593750000000000e-01
9.511718750000000000e-01
3.520507812500000000e-01
1.011718750000000000e+00
-6.577148437500000000e-01
4.829101562500000000e-01
-6.181640625000000000e-01
1.767578125000000000e+00
-1.162109375000000000e+00
2.123046875000000000e+00
-1.011718750000000000e+00
-1.888427734375000000e-01
-1.267089843750000000e-01
6.899414062500000000e-01
7.553710937500000000e-01
3.427734375000000000e-01
-1.296875000000000000e+00
7.553710937500000000e-01
1.736328125000000000e+00
1.483398437500000000e+00
-2.988281250000000000e-01
1.706542968750000000e-01
9.223632812500000000e-01
-1.387939453125000000e-01
9.208984375000000000e-01
5.249023437500000000e-01
1.116210937500000000e+00
-5.087890625000000000e-01
-3.911132812500000000e-01
2.589843750000000000e+00
-1.095703125000000000e+00
-1.302734375000000000e+00
6.250000000000000000e-01
1.515625000000000000e+00
-1.335937500000000000e+00
8.647460937500000000e-01
1.212890625000000000e+00
-8.061523437500000000e-01
9.680175781250000000e-02
1.043701171875000000e-01
1.036132812500000000e+00
-2.164062500000000000e+00
4.824218750000000000e-01
-3.974609375000000000e-01
-1.033782958984375000e-02
2.774047851562500000e-02
5.708007812500000000e-01
3.911132812500000000e-01
-9.497070312500000000e-02
-6.835937500000000000e-01
-3.879394531250000000e-01
8.330078125000000000e-01
2.814941406250000000e-01
1.773437500000000000e+00
4.711914062500000000e-02
-2.807617187500000000e-02
2.890625000000000000e+00
2.453125000000000000e+00
-7.412109375000000000e-01
1.396484375000000000e-01
-5.092773437500000000e-01
1.735351562500000000e+00
-8.056640625000000000e-01
6.896972656250000000e-02
9.492187500000000000e-01
-1.331054687500000000e+00
-2.712402343750000000e-01
1.597656250000000000e+00
2.185058593750000000e-01
-4.775390625000000000e-01
-3.637695312500000000e-01
-6.010742187500000000e-01
4.562988281250000000e-01
-1.211914062500000000e+00
-5.102539062500000000e-01
6.381835937500000000e-01
1.399414062500000000e+00
1.656250000000000000e+00
2.617187500000000000e-01
-1.441406250000000000e+00
-6.425781250000000000e-01
-1.961914062500000000e+00
5.439453125000000000e-01
-5.312500000000000000e-01
8.032226562500000000e-01
2.130859375000000000e+00
-1.801757812500000000e+00
1.583984375000000000e+00
-1.606445312500000000e+00
-1.625000000000000000e+00
-3.304687500000000000e+00
1.206054687500000000e+00
-3.768920898437500000e-02
3.652343750000000000e-01
-2.443359375000000000e+00
-1.227539062500000000e+00
7.407226562500000000e-01
1.216430664062500000e-01
-1.205078125000000000e+00
-1.054687500000000000e+00
-2.414550781250000000e-01
9.350585937500000000e-01
-8.774414062500000000e-01
9.829101562500000000e-01
6.738281250000000000e-01
8.100585937500000000e-01
5.253906250000000000e-01
-2.083984375000000000e+00
1.166992187500000000e+00
5.942382812500000000e-01
-9.736328125000000000e-01
1.810302734375000000e-01
1.746826171875000000e-01
1.668945312500000000e+00
4.687500000000000000e-01
1.607421875000000000e+00
1.539062500000000000e+00
-1.467773437500000000e+00
4.516601562500000000e-03
1.170898437500000000e+00
1.962890625000000000e+00
-9.521484375000000000e-01
-5.512695312500000000e-01
-8.483886718750000000e-02
6.513671875000000000e-01
8.706054687500000000e-01
-1.769531250000000000e+00
8.659362792968750000e-03
5.947265625000000000e-01
1.181640625000000000e+00
-4.055175781250000000e-01
-1.231445312500000000e+00
-6.166992187500000000e-01
-6.533203125000000000e-01
5.029296875000000000e-01
-9.478759765625000000e-02
2.199707031250000000e-01
8.020019531250000000e-02
9.003906250000000000e-01
-7.705078125000000000e-01
4.531860351562500000e-02
1.491210937500000000e+00
-2.568359375000000000e-01
1.613281250000000000e+00
4.956054687500000000e-01
-4.876708984375000000e-02
1.504882812500000000e+00
1.575195312500000000e+00
-1.797851562500000000e+00
-9.194335937500000000e-01
-9.956054687500000000e-01
-2.492187500000000000e+00
-8.344726562500000000e-01
-1.179687500000000000e+00
-1.995849609375000000e-02
-1.635742187500000000e-01
-1.817382812500000000e+00
-1.650390625000000000e+00
-8.808593750000000000e-01
-1.323242187500000000e+00
-1.832031250000000000e+00
5.722656250000000000e-01
1.749267578125000000e-01
2.021484375000000000e+00
1.673828125000000000e+00
-1.436523437500000000e+00
1.745605468750000000e-01
-3.447265625000000000e-01
3.996582031250000000e-01
-2.900390625000000000e-01
-1.207031250000000000e+00
5.991210937500000000e-01
1.082031250000000000e+00
-7.329101562500000000e-01
4.902343750000000000e-01
-4.465332031250000000e-01
-1.439453125000000000e+00
-5.102539062500000000e-01
-3.039550781250000000e-01
-1.000976562500000000e+00
9.169921875000000000e-01
1.508789062500000000e+00
-1.202148437500000000e+00
-1.160888671875000000e-01
8.598632812500000000e-01
2.519531250000000000e+00
-1.582031250000000000e+00
7.475585937500000000e-01
-3.564453125000000000e-01
1.715087890625000000e-01
-5.283203125000000000e-01
1.343750000000000000e+00
-9.599609375000000000e-01
1.811523437500000000e+00
4.788208007812500000e-02
1.013671875000000000e+00
2.007812500000000000e+00
3.240966796875000000e-02
-7.270507812500000000e-01
1.138671875000000000e+00
5.864257812500000000e-01
-9.409179687500000000e-01
-2.873046875000000000e+00
3.497314453125000000e-02
-1.046875000000000000e+00
-7.070312500000000000e-01
3.581542968750000000e-01
-1.236328125000000000e+00
-9.462890625000000000e-01
5.908203125000000000e-01
-1.322265625000000000e+00
-3.900390625000000000e+00
-1.055664062500000000e+00
3.097656250000000000e+00
1.635742187500000000e+00
-1.248779296875000000e-01
-5.278320312500000000e-01
1.984375000000000000e+00
4.758300781250000000e-01
2.105468750000000000e+00
-3.588867187500000000e-01
2.076416015625000000e-01
2.414550781250000000e-01
5.230468750000000000e+00
1.982421875000000000e+00
-4.821777343750000000e-01
-2.139892578125000000e-01
4.624023437500000000e-01
-2.709960937500000000e-01
-1.051757812500000000e+00
1.035766601562500000e-01
2.363281250000000000e-01
-3.979492187500000000e-01
2.042968750000000000e+00
8.673095703125000000e-02
-1.455078125000000000e+00
3.344726562500000000e-01
1.539306640625000000e-01
7.427978515625000000e-02
1.461914062500000000e+00
-1.431640625000000000e+00
-4.907226562500000000e-01
8.382812500000000000e+00
1.300781250000000000e+00
1.690429687500000000e+00
2.937011718750000000e-01
-7.988281250000000000e-01
-1.254882812500000000e-01
9.277343750000000000e-01
-3.570556640625000000e-02
-1.430664062500000000e+00
-1.925048828125000000e-01
-4.705810546875000000e-02
-1.771545410156250000e-02
3.857421875000000000e-01
2.296447753906250000e-02
-3.234863281250000000e-02
-1.806640625000000000e-02
1.305664062500000000e+00
1.188476562500000000e+00
-2.619628906250000000e-01
1.925781250000000000e+00
-1.122436523437500000e-01
-1.201171875000000000e+00
-3.842773437500000000e-01
-2.705078125000000000e-01
1.135742187500000000e+00
6.772460937500000000e-01
-1.011718750000000000e+00
-1.505859375000000000e+00
1.131835937500000000e+00
-9.980468750000000000e-01
1.597656250000000000e+00
-1.041992187500000000e+00
5.952148437500000000e-01
-4.794921875000000000e-01
-1.279296875000000000e+00
-5.664062500000000000e-01
1.187500000000000000e+00
-1.868896484375000000e-01
6.933593750000000000e-01
-7.954101562500000000e-01
1.481445312500000000e+00
2.145996093750000000e-01
-4.184570312500000000e-01
-1.882812500000000000e+00
-6.801757812500000000e-01
-1.479492187500000000e+00
-2.072143554687500000e-02
-2.907714843750000000e-01
1.308593750000000000e+00
9.736328125000000000e-01
4.248046875000000000e-01
1.929931640625000000e-01
1.314453125000000000e+00
1.700195312500000000e+00
4.489746093750000000e-01
2.558593750000000000e+00
-7.758789062500000000e-01
1.163085937500000000e+00
3.706054687500000000e-01
-8.532714843750000000e-02
1.462890625000000000e+00
5.673828125000000000e-01
-2.449951171875000000e-01
1.415039062500000000e+00
5.712890625000000000e-01
-1.332031250000000000e+00
9.335937500000000000e-01
-9.970703125000000000e-01
-7.490234375000000000e-01
1.401367187500000000e+00
-5.864257812500000000e-01
1.832031250000000000e+00
-4.333496093750000000e-01
-8.627929687500000000e-01
1.126708984375000000e-01
-4.687500000000000000e-01
1.169921875000000000e+00
-4.169921875000000000e-01
-8.686523437500000000e-01
4.570312500000000000e-01
2.705078125000000000e+00
-1.080078125000000000e+00
1.616210937500000000e+00
4.406738281250000000e-01
-4.326171875000000000e-01
4.841308593750000000e-01
-1.368164062500000000e+00
7.124023437500000000e-01
9.376525878906250000e-03
-7.626953125000000000e-01
1.319335937500000000e+00
-1.892578125000000000e+00
-4.211425781250000000e-02
-7.416992187500000000e-01
4.064941406250000000e-01
-6.137695312500000000e-01
-2.746582031250000000e-01
-1.504882812500000000e+00
1.003906250000000000e+00
4.379882812500000000e-01
-2.072265625000000000e+00
-1.884765625000000000e+00
1.019531250000000000e+00
1.585937500000000000e+00
-1.511718750000000000e+00
-3.574218750000000000e-01
1.455078125000000000e+00
-1.164062500000000000e+00
1.757812500000000000e+00
-1.767578125000000000e+00
-1.114257812500000000e+00
-4.428710937500000000e-01
-1.428710937500000000e+00
-3.964843750000000000e-01
-2.120361328125000000e-01
6.660156250000000000e-01
-2.048339843750000000e-01
5.136718750000000000e-01
-6.972656250000000000e-01
-3.832031250000000000e+00
1.854248046875000000e-01
-1.699218750000000000e+00
-7.700195312500000000e-01
1.270294189453125000e-02
-1.037109375000000000e+00
-2.194824218750000000e-01
6.611328125000000000e-01
3.717041015625000000e-02
-1.727294921875000000e-01
-1.134765625000000000e+00
-4.116210937500000000e-01
-1.982421875000000000e+00
-5.366210937500000000e-01
-1.582031250000000000e+00
-5.493164062500000000e-01
-1.596679687500000000e-01
-9.096679687500000000e-01
3.544921875000000000e-01
1.583251953125000000e-01
3.366699218750000000e-01
-1.577758789062500000e-02
-9.208984375000000000e-01
5.498046875000000000e-01
-9.747314453125000000e-02
7.729492187500000000e-01
-2.159423828125000000e-01
-2.628906250000000000e+00
4.326171875000000000e-01
3.471679687500000000e-01
-5.366210937500000000e-01
-8.671875000000000000e-01
1.238281250000000000e+00
4.052734375000000000e-02
-1.571289062500000000e+00
1.501953125000000000e+00
-8.031250000000000000e+00
-1.738281250000000000e-01
-6.196289062500000000e-01
9.497070312500000000e-01
-1.854248046875000000e-01
1.238281250000000000e+00
1.342773437500000000e+00
-4.611816406250000000e-01
-9.165039062500000000e-01
1.341796875000000000e+00
6.333007812500000000e-01
1.048828125000000000e+00
1.140625000000000000e+00
2.946777343750000000e-01
-1.203125000000000000e+00
-1.516601562500000000e+00
-1.507812500000000000e+00
9.692382812500000000e-01
-9.106445312500000000e-02
6.591796875000000000e-01
-9.116210937500000000e-01
3.562011718750000000e-01
1.856689453125000000e-01
-1.290039062500000000e+00
-6.684570312500000000e-01
3.210449218750000000e-01
3.586425781250000000e-01
1.689453125000000000e+00
-3.128906250000000000e+00
6.665039062500000000e-01
4.936523437500000000e-01
1.013671875000000000e+00
9.667968750000000000e-02
-7.973632812500000000e-01
9.819335937500000000e-01
1.737060546875000000e-01
-1.191406250000000000e+00
-3.247070312500000000e-02
-3.232421875000000000e-01
9.785156250000000000e-01
-2.976074218750000000e-01
9.112548828125000000e-02
4.885253906250000000e-01
-7.260742187500000000e-01
-7.773437500000000000e-01
7.099609375000000000e-01
-3.715820312500000000e-01
-7.856445312500000000e-01
-3.332519531250000000e-01
-3.427734375000000000e-01
-8.110351562500000000e-01
-4.431152343750000000e-02
-6.806640625000000000e-01
1.202148437500000000e+00
1.536132812500000000e+00
-3.847656250000000000e-01
-9.731445312500000000e-01
-2.044921875000000000e+00
-1.444335937500000000e+00
1.100585937500000000e+00
-1.522460937500000000e+00
7.135009765625000000e-02
2.481689453125000000e-01
2.320312500000000000e+00
-1.716796875000000000e+00
6.904296875000000000e-01
-1.883789062500000000e+00
1.713867187500000000e-01
2.064208984375000000e-01
-1.702148437500000000e+00
2.326660156250000000e-01
5.180664062500000000e-01
4.736328125000000000e-01
1.341796875000000000e+00
4.904785156250000000e-01
9.248046875000000000e-01
3.503906250000000000e+00
3.117187500000000000e+00
3.632812500000000000e-01
6.927490234375000000e-02
5.239257812500000000e-01
-2.351562500000000000e+00
-2.375000000000000000e+00
-9.658203125000000000e-01
1.530273437500000000e+00
1.064300537109375000e-02
1.909179687500000000e-01
-9.912109375000000000e-01
2.710937500000000000e+00
-1.467773437500000000e+00
3.935546875000000000e-01
8.120117187500000000e-01
9.760742187500000000e-01
-3.369140625000000000e-01
6.337890625000000000e-01
-6.108398437500000000e-01
-1.675781250000000000e+00
7.060546875000000000e-01
1.335937500000000000e+00
-4.216308593750000000e-01
-9.321289062500000000e-01
-2.548828125000000000e+00
-1.290039062500000000e+00
-5.605468750000000000e-01
2.651367187500000000e-01
-1.789062500000000000e+00
-1.719970703125000000e-01
1.135253906250000000e-01
2.437500000000000000e+00
-4.465332031250000000e-01
-8.725585937500000000e-01
9.721679687500000000e-01
1.320312500000000000e+00
7.358398437500000000e-01
-7.973632812500000000e-01
6.777343750000000000e-01
1.393554687500000000e+00
9.663085937500000000e-01
-6.695556640625000000e-02
9.564208984375000000e-02
1.457031250000000000e+00
1.194335937500000000e+00
-4.934082031250000000e-01
