-3.266601562500000000e-01
1.055664062500000000e+00
-1.878906250000000000e+00
-1.421875000000000000e+00
-5.126953125000000000e-01
1.484375000000000000e+00
3.994140625000000000e-01
-4.016113281250000000e-01
-3.886718750000000000e-01
3.576660156250000000e-01
-7.299804687500000000e-01
-4.973144531250000000e-01
-5.332031250000000000e-01
-1.221313476562500000e-01
2.269531250000000000e+00
3.051757812500000000e-02
-1.643554687500000000e+00
-1.557617187500000000e+00
-7.451171875000000000e-01
-4.550781250000000000e-01
-1.837890625000000000e+00
-2.207031250000000000e+00
-1.458007812500000000e+00
7.866210937500000000e-01
-2.009277343750000000e-01
1.857421875000000000e+00
-1.150390625000000000e+00
8.862304687500000000e-01
1.424804687500000000e+00
-9.174804687500000000e-01
-6.801757812500000000e-01
-4.207611083984375000e-03
9.902343750000000000e-01
3.190917968750000000e-01
7.421875000000000000e-01
1.557617187500000000e+00
8.041992187500000000e-01
-2.785644531250000000e-01
-6.767578125000000000e-01
3.730468750000000000e-01
4.870605468750000000e-01
-8.515625000000000000e-01
-3.413085937500000000e-01
-6.669921875000000000e-01
2.886962890625000000e-02
-7.968750000000000000e-01
-8.789062500000000000e-02
-5.034179687500000000e-01
-1.524414062500000000e+00
-2.720703125000000000e+00
-9.002685546875000000e-02
-8.291015625000000000e-01
-3.248046875000000000e+00
-5.410156250000000000e-01
-3.151855468750000000e-01
1.424804687500000000e+00
2.934570312500000000e-01
-1.541992187500000000e+00
3.740310668945312500e-03
1.041992187500000000e+00
-1.315429687500000000e+00
-4.497070312500000000e-01
3.415527343750000000e-01
-4.943847656250000000e-01
1.165039062500000000e+00
-2.902832031250000000e-01
-6.225585937500000000e-01
1.123046875000000000e+00
-9.155273437500000000e-01
1.385742187500000000e+00
1.062500000000000000e+00
-1.053710937500000000e+00
9.389648437500000000e-01
-1.331054687500000000e+00
-8.989257812500000000e-01
6.748046875000000000e-01
-1.776123046875000000e-01
-1.797851562500000000e+00
4.020996093750000000e-01
-1.678710937500000000e+00
8.691406250000000000e-02
2.162109375000000000e+00
9.902343750000000000e-01
-3.945312500000000000e-01
2.830505371093750000e-02
1.245117187500000000e+00
6.840820312500000000e-01
-3.278808593750000000e-01
2.700195312500000000e-01
-1.447265625000000000e+00
4.528808593750000000e-01
1.552734375000000000e+00
-2.575683593750000000e-02
2.179687500000000000e+00
-6.064453125000000000e-01
-1.389648437500000000e+00
9.169921875000000000e-01
6.040039062500000000e-01
2.135009765625000000e-01
8.359375000000000000e-01
3.691406250000000000e-01
-2.265625000000000000e+00
-1.988281250000000000e+00
1.861328125000000000e+00
-6.430664062500000000e-01
6.298828125000000000e-01
5.923461914062500000e-02
2.805175781250000000e-01
-1.233520507812500000e-01
9.008789062500000000e-02
9.267578125000000000e-01
1.009765625000000000e+00
-2.818359375000000000e+00
-1.777343750000000000e-01
-1.320312500000000000e+00
-3.867187500000000000e-01
-1.863281250000000000e+00
1.177734375000000000e+00
-1.682128906250000000e-01
-9.731445312500000000e-01
4.372558593750000000e-01
2.287109375000000000e+00
2.929687500000000000e-01
1.033203125000000000e+00
-5.991210937500000000e-01
9.008789062500000000e-01
9.638671875000000000e-01
-4.018554687500000000e-01
-6.552734375000000000e-01
1.557617187500000000e+00
-4.431152343750000000e-01
1.303710937500000000e+00
4.306640625000000000e-01
-8.627929687500000000e-01
-1.145507812500000000e+00
-2.221679687500000000e-01
-4.562988281250000000e-01
2.088623046875000000e-01
2.023437500000000000e+00
3.769531250000000000e+00
5.732421875000000000e-01
1.802978515625000000e-01
-1.183593750000000000e+00
5.307006835937500000e-02
4.260253906250000000e-02
2.337646484375000000e-02
-4.565429687500000000e-02
-6.098632812500000000e-01
1.201171875000000000e+00
1.159179687500000000e+00
-3.483886718750000000e-01
2.638671875000000000e+00
9.013671875000000000e-01
1.124023437500000000e+00
-6.567382812500000000e-01
2.659606933593750000e-02
2.514648437500000000e-01
1.143554687500000000e+00
-6.500244140625000000e-02
-1.960937500000000000e+00
8.696289062500000000e-01
-9.526367187500000000e-01
-8.679199218750000000e-02
-6.137695312500000000e-01
-1.352539062500000000e+00
-1.434326171875000000e-01
4.287109375000000000e-01
-4.252929687500000000e-01
3.042968750000000000e+00
-1.644287109375000000e-01
-1.021484375000000000e+00
-2.469482421875000000e-01
-1.862304687500000000e+00
-6.176757812500000000e-01
3.063964843750000000e-01
2.878417968750000000e-01
-1.618164062500000000e+00
5.419921875000000000e-01
9.582519531250000000e-02
-5.610351562500000000e-01
-6.045532226562500000e-02
-3.500976562500000000e-01
-9.956054687500000000e-01
-1.280517578125000000e-01
1.574218750000000000e+00
-9.770507812500000000e-01
-6.127929687500000000e-02
2.976074218750000000e-01
1.073242187500000000e+00
3.556640625000000000e+00
-1.167968750000000000e+00
8.984375000000000000e-01
-1.237304687500000000e+00
-3.542480468750000000e-01
-2.111328125000000000e+00
3.178710937500000000e-01
3.298339843750000000e-01
1.076171875000000000e+00
-2.103515625000000000e+00
9.082031250000000000e-02
-3.151855468750000000e-01
1.780273437500000000e+00
2.877807617187500000e-02
2.029296875000000000e+00
-7.818603515625000000e-02
5.166015625000000000e-01
-4.685058593750000000e-01
1.551757812500000000e+00
-5.801391601562500000e-02
-7.260742187500000000e-01
-2.027343750000000000e+00
-1.626953125000000000e+00
-7.280273437500000000e-01
1.463867187500000000e+00
-1.057617187500000000e+00
2.152343750000000000e+00
9.511718750000000000e-01
1.873779296875000000e-01
-1.042968750000000000e+00
-3.041992187500000000e-01
1.506835937500000000e+00
8.466796875000000000e-01
1.509765625000000000e+00
2.830078125000000000e+00
-1.856689453125000000e-01
1.011352539062500000e-01
3.754882812500000000e-01
3.292968750000000000e+00
-1.007812500000000000e+00
4.086914062500000000e-01
-2.796875000000000000e+00
-1.878906250000000000e+00
-3.684082031250000000e-01
-1.264648437500000000e+00
1.122070312500000000e+00
-4.858398437500000000e-01
2.303466796875000000e-01
1.380859375000000000e+00
7.744140625000000000e-01
2.021484375000000000e+00
-5.322265625000000000e-01
1.436523437500000000e+00
-9.223632812500000000e-01
-5.464843750000000000e+00
-4.359375000000000000e+00
6.982421875000000000e-01
-7.148437500000000000e-01
-2.592773437500000000e-01
-1.690673828125000000e-01
-1.995849609375000000e-01
-7.607421875000000000e-01
8.359375000000000000e-01
-4.470825195312500000e-02
-7.905273437500000000e-01
1.755371093750000000e-01
4.284667968750000000e-01
-6.279296875000000000e-01
-2.015380859375000000e-01
-1.501464843750000000e-01
-1.153320312500000000e+00
-1.027343750000000000e+00
-1.571289062500000000e+00
6.748046875000000000e-01
3.750000000000000000e-01
5.429687500000000000e-01
7.904052734375000000e-02
5.478515625000000000e-01
-6.645507812500000000e-01
-3.962402343750000000e-01
-1.332031250000000000e+00
1.126953125000000000e+00
2.677734375000000000e+00
3.090820312500000000e-01
2.029296875000000000e+00
-3.784179687500000000e-01
1.229492187500000000e+00
6.699218750000000000e-01
2.558593750000000000e+00
8.647460937500000000e-01
1.149414062500000000e+00
-2.019531250000000000e+00
-2.277832031250000000e-01
-4.550781250000000000e-01
-2.042236328125000000e-01
-5.195312500000000000e-01
1.960937500000000000e+00
-3.662109375000000000e-01
2.191406250000000000e+00
3.083801269531250000e-02
-1.628417968750000000e-01
-9.873046875000000000e-01
-5.546875000000000000e-01
-1.026367187500000000e+00
-1.322021484375000000e-01
1.604003906250000000e-01
-9.545898437500000000e-01
-4.843750000000000000e-01
-2.607421875000000000e+00
-1.648437500000000000e+00
2.836914062500000000e-01
3.649902343750000000e-01
-1.720703125000000000e+00
7.773437500000000000e-01
9.003906250000000000e-01
-6.445312500000000000e-02
1.696289062500000000e+00
1.481933593750000000e-01
-1.512695312500000000e+00
1.873046875000000000e+00
-1.299804687500000000e+00
-1.926757812500000000e+00
-4.182128906250000000e-01
-1.061523437500000000e+00
-1.325195312500000000e+00
-1.596679687500000000e-01
3.459472656250000000e-01
6.801757812500000000e-01
-1.867187500000000000e+00
9.770507812500000000e-01
9.490966796875000000e-02
-5.439453125000000000e-01
-6.708984375000000000e-01
1.084960937500000000e+00
-6.155395507812500000e-02
4.365234375000000000e-01
9.135742187500000000e-01
1.644531250000000000e+00
-3.420410156250000000e-01
5.073242187500000000e-01
-1.678710937500000000e+00
-6.899414062500000000e-01
3.957519531250000000e-01
8.325195312500000000e-01
-2.818298339843750000e-02
-2.043457031250000000e-01
-5.595703125000000000e-01
-1.541748046875000000e-01
4.465332031250000000e-01
7.026367187500000000e-01
-1.683593750000000000e+00
-5.312500000000000000e-01
8.154296875000000000e-01
4.995117187500000000e-01
4.738769531250000000e-01
1.568359375000000000e+00
8.813476562500000000e-01
-1.620117187500000000e+00
-6.918945312500000000e-01
-4.544067382812500000e-02
1.917724609375000000e-01
-4.135742187500000000e-01
-4.531250000000000000e-01
9.877929687500000000e-01
2.148437500000000000e+00
-5.507812500000000000e-01
6.561279296875000000e-02
1.774414062500000000e+00
-2.022705078125000000e-01
-9.809570312500000000e-01
-1.807861328125000000e-01
-3.125000000000000000e-01
5.283203125000000000e-01
-8.491210937500000000e-01
-1.231079101562500000e-01
9.072265625000000000e-01
4.514160156250000000e-01
-3.764648437500000000e-01
-1.208007812500000000e+00
-1.291656494140625000e-02
-6.777343750000000000e-01
1.634765625000000000e+00
-3.970336914062500000e-02
-1.267578125000000000e+00
-1.807617187500000000e+00
-2.125244140625000000e-01
-1.271972656250000000e-01
-7.246093750000000000e-01
-2.459716796875000000e-01
8.466796875000000000e-01
-1.123046875000000000e+00
-7.919921875000000000e-01
4.658203125000000000e-01
-1.319580078125000000e-01
-1.319335937500000000e+00
-1.042968750000000000e+00
-7.238769531250000000e-02
7.792968750000000000e-01
1.846679687500000000e+00
-5.532226562500000000e-01
1.571289062500000000e+00
5.392456054687500000e-02
-2.236328125000000000e+00
-1.278320312500000000e+00
6.728515625000000000e-01
-5.141601562500000000e-01
-1.330078125000000000e+00
1.732177734375000000e-01
-1.668701171875000000e-01
5.678710937500000000e-01
-3.361328125000000000e+00
4.553222656250000000e-01
-2.783203125000000000e-01
2.193359375000000000e+00
-9.047851562500000000e-01
1.047851562500000000e+00
-1.591796875000000000e-01
-2.790527343750000000e-01
-8.007812500000000000e-01
-6.728515625000000000e-01
-9.536132812500000000e-01
-2.839355468750000000e-01
-9.736328125000000000e-01
-5.883789062500000000e-01
-5.624389648437500000e-02
-8.367919921875000000e-02
-1.311523437500000000e+00
-5.571289062500000000e-01
2.326660156250000000e-01
1.370117187500000000e+00
2.059326171875000000e-01
-6.054687500000000000e-01
-1.089843750000000000e+00
1.233398437500000000e+00
1.092773437500000000e+00
-1.105468750000000000e+00
-9.438476562500000000e-01
7.763671875000000000e-01
-1.114257812500000000e+00
-3.129882812500000000e-01
8.247070312500000000e-01
5.585937500000000000e-01
2.125244140625000000e-01
-8.173828125000000000e-01
1.691406250000000000e+00
2.201171875000000000e+00
-7.773437500000000000e-01
-2.130859375000000000e+00
-3.500976562500000000e-01
2.673339843750000000e-01
1.766601562500000000e+00
-1.255859375000000000e+00
-3.549804687500000000e-01
1.186523437500000000e+00
3.500000000000000000e+00
6.674804687500000000e-01
-1.619140625000000000e+00
8.383789062500000000e-01
1.876953125000000000e+00
-9.501953125000000000e-01
1.502929687500000000e+00
-3.801269531250000000e-01
-1.244140625000000000e+00
-1.088867187500000000e+00
9.287109375000000000e-01
-6.372070312500000000e-01
-2.587890625000000000e+00
-9.091796875000000000e-01
6.020507812500000000e-01
-5.166015625000000000e-01
-1.390625000000000000e+00
9.394531250000000000e-01
-1.121826171875000000e-01
-5.947265625000000000e-01
3.335937500000000000e+00
-9.033203125000000000e-02
-8.227539062500000000e-01
2.941894531250000000e-01
-1.195312500000000000e+00
9.545898437500000000e-01
2.989196777343750000e-02
4.956054687500000000e-01
-7.305908203125000000e-02
6.567382812500000000e-01
1.565429687500000000e+00
-8.818359375000000000e-01
9.755859375000000000e-01
-7.524414062500000000e-01
-3.355468750000000000e+00
1.217773437500000000e+00
-1.550781250000000000e+00
9.038085937500000000e-01
-8.979492187500000000e-01
-9.360351562500000000e-01
-1.849609375000000000e+00
1.322265625000000000e+00
1.495117187500000000e+00
7.514648437500000000e-01
-2.102661132812500000e-02
-5.180664062500000000e-01
-3.750000000000000000e-01
-3.527832031250000000e-01
1.245117187500000000e+00
7.460937500000000000e-01
-2.854003906250000000e-01
6.020507812500000000e-01
-4.020996093750000000e-01
5.340576171875000000e-02
3.552734375000000000e+00
3.452148437500000000e-01
-1.319335937500000000e+00
4.098510742187500000e-02
1.876953125000000000e+00
-4.220581054687500000e-02
3.071289062500000000e-01
-5.380859375000000000e-01
-3.200683593750000000e-01
1.192016601562500000e-01
5.556640625000000000e-01
-8.779296875000000000e-01
2.263671875000000000e+00
1.612548828125000000e-01
2.178955078125000000e-01
-8.320312500000000000e-01
1.712890625000000000e+00
-2.365234375000000000e+00
-1.518554687500000000e+00
-1.990966796875000000e-01
1.296386718750000000e-01
-1.954345703125000000e-01
7.797851562500000000e-01
-1.523437500000000000e-01
8.999023437500000000e-01
4.687500000000000000e+00
1.651367187500000000e+00
-4.364013671875000000e-02
-4.082031250000000000e-01
9.619140625000000000e-01
-7.167968750000000000e-01
4.926757812500000000e-01
1.290039062500000000e+00
-4.264831542968750000e-03
3.136718750000000000e+00
1.738281250000000000e+00
1.133789062500000000e+00
-5.200195312500000000e-01
-1.699218750000000000e-01
-6.953125000000000000e-01
7.407226562500000000e-01
-1.742187500000000000e+00
8.588867187500000000e-01
1.434570312500000000e+00
-1.309570312500000000e+00
2.128906250000000000e-01
-7.373046875000000000e-01
1.165039062500000000e+00
-1.871093750000000000e+00
5.161132812500000000e-01
6.988525390625000000e-02
-1.425781250000000000e-01
5.463867187500000000e-01
1.228637695312500000e-01
1.165039062500000000e+00
-1.990966796875000000e-01
-5.419921875000000000e-02
-8.945312500000000000e-01
1.429443359375000000e-01
1.682617187500000000e+00
1.760742187500000000e+00
-8.837890625000000000e-02
-4.448242187500000000e-01
1.828125000000000000e+00
1.815185546875000000e-01
-1.000000000000000000e+00
-2.392578125000000000e-01
5.096435546875000000e-02
2.029296875000000000e+00
-1.964843750000000000e+00
6.489257812500000000e-01
-5.975341796875000000e-02
-1.189453125000000000e+00
5.117187500000000000e-01
5.600585937500000000e-01
7.891845703125000000e-02
1.116180419921875000e-02
-5.625000000000000000e-01
-1.190429687500000000e+00
7.946777343750000000e-02
-6.069335937500000000e-01
-1.308593750000000000e+00
1.067382812500000000e+00
1.945312500000000000e+00
1.190429687500000000e+00
1.020507812500000000e+00
-1.581054687500000000e+00
1.591796875000000000e+00
-8.071289062500000000e-01
4.821777343750000000e-01
3.830566406250000000e-01
2.031250000000000000e+00
3.068359375000000000e+00
-2.496093750000000000e+00
9.853515625000000000e-01
-1.060546875000000000e+00
-2.050781250000000000e+00
-1.812500000000000000e+00
1.150390625000000000e+00
1.923828125000000000e-01
-5.170898437500000000e-01
-1.923828125000000000e+00
-3.513183593750000000e-01
-4.013061523437500000e-02
6.376953125000000000e-01
-4.499511718750000000e-01
-1.338867187500000000e+00
-7.802734375000000000e-01
3.197265625000000000e+00
-7.119140625000000000e-01
2.504882812500000000e-01
3.901367187500000000e-01
-5.498046875000000000e-01
-1.320312500000000000e+00
-2.378906250000000000e+00
2.048828125000000000e+00
1.166015625000000000e+00
-7.788085937500000000e-01
2.993164062500000000e-01
6.088867187500000000e-01
2.447265625000000000e+00
3.903198242187500000e-02
-1.386718750000000000e-01
1.674804687500000000e-01
-2.320312500000000000e+00
-2.691650390625000000e-02
9.677734375000000000e-01
2.308593750000000000e+00
-1.064453125000000000e-01
-5.081176757812500000e-02
-5.102539062500000000e-01
1.809082031250000000e-01
-3.787231445312500000e-02
-2.212890625000000000e+00
-1.424804687500000000e+00
2.059326171875000000e-01
5.312500000000000000e-01
-1.663085937500000000e+00
-4.831542968750000000e-01
-1.803710937500000000e+00
-9.272460937500000000e-01
6.240234375000000000e-01
5.693359375000000000e-01
-6.538085937500000000e-01
1.187500000000000000e+00
7.231445312500000000e-01
-1.723632812500000000e-01
5.444335937500000000e-01
2.439453125000000000e+00
-8.691406250000000000e-01
-4.428710937500000000e-01
-4.279785156250000000e-01
-8.247070312500000000e-01
7.802734375000000000e-01
1.792968750000000000e+00
-1.721679687500000000e+00
-1.451171875000000000e+00
1.477050781250000000e-01
-1.791015625000000000e+00
-1.033935546875000000e-01
-1.347656250000000000e+00
9.062500000000000000e-01
-8.852539062500000000e-01
-1.349609375000000000e+00
-1.326171875000000000e+00
1.400146484375000000e-01
2.209472656250000000e-01
-8.071289062500000000e-01
3.911132812500000000e-01
-2.590332031250000000e-01
1.228515625000000000e+00
1.642578125000000000e+00
-1.194335937500000000e+00
-1.905517578125000000e-01
-7.578125000000000000e-01
-1.077148437500000000e+00
-6.010742187500000000e-01
-8.803710937500000000e-01
1.583984375000000000e+00
3.593750000000000000e-01
1.515960693359375000e-02
1.250976562500000000e+00
-1.446533203125000000e-01
-2.001953125000000000e+00
-5.041503906250000000e-02
-5.688476562500000000e-01
-2.005859375000000000e+00
1.575927734375000000e-01
1.567382812500000000e+00
-9.418945312500000000e-01
-6.342773437500000000e-01
7.553710937500000000e-01
2.931640625000000000e+00
-1.352539062500000000e+00
-1.900634765625000000e-01
-3.984375000000000000e-01
-4.831542968750000000e-01
-6.831054687500000000e-01
4.001464843750000000e-01
-1.119140625000000000e+00
4.443359375000000000e-01
9.018554687500000000e-01
1.682617187500000000e+00
1.332031250000000000e+00
-9.040832519531250000e-03
-1.346679687500000000e+00
8.701171875000000000e-01
1.159179687500000000e+00
-1.125976562500000000e+00
-1.979492187500000000e+00
8.041992187500000000e-01
-7.509765625000000000e-01
-2.844238281250000000e-01
6.440429687500000000e-01
-3.215332031250000000e-01
-1.045898437500000000e+00
-1.431884765625000000e-01
-1.491210937500000000e+00
-3.728515625000000000e+00
-4.199218750000000000e-01
3.279296875000000000e+00
1.849609375000000000e+00
6.313476562500000000e-01
5.270385742187500000e-02
1.745117187500000000e+00
-9.948730468750000000e-03
2.480468750000000000e+00
-8.945312500000000000e-01
8.393554687500000000e-01
1.813964843750000000e-01
2.937500000000000000e+00
2.671875000000000000e+00
-4.301757812500000000e-01
3.979492187500000000e-01
1.261718750000000000e+00
2.120361328125000000e-01
-7.114257812500000000e-01
-2.807617187500000000e-01
5.181884765625000000e-02
2.819824218750000000e-02
8.466796875000000000e-01
1.350097656250000000e-01
-2.714843750000000000e-01
4.199218750000000000e-01
2.473449707031250000e-02
7.163085937500000000e-01
1.043945312500000000e+00
-5.712890625000000000e-01
-7.226562500000000000e-01
7.894531250000000000e+00
1.600585937500000000e+00
8.002929687500000000e-01
1.078125000000000000e+00
-1.355468750000000000e+00
-1.960449218750000000e-01
2.685546875000000000e-01
-1.430664062500000000e-01
-1.264648437500000000e+00
-8.276367187500000000e-01
9.393310546875000000e-02
1.068359375000000000e+00
8.452148437500000000e-01
-2.375488281250000000e-01
9.082031250000000000e-02
2.255859375000000000e-01
1.868164062500000000e+00
9.985351562500000000e-01
-2.987670898437500000e-02
1.361328125000000000e+00
-5.434570312500000000e-01
1.783447265625000000e-01
8.701171875000000000e-01
1.440429687500000000e+00
-7.065429687500000000e-01
6.269531250000000000e-01
-5.083007812500000000e-01
1.229286193847656250e-03
7.768554687500000000e-01
-1.853515625000000000e+00
1.169921875000000000e+00
-4.802246093750000000e-01
7.696533203125000000e-02
-1.311523437500000000e+00
-7.255859375000000000e-01
-1.043945312500000000e+00
3.310546875000000000e-01
3.867187500000000000e-01
1.300781250000000000e+00
-1.103515625000000000e+00
1.097656250000000000e+00
3.518066406250000000e-01
-1.690429687500000000e+00
-1.463867187500000000e+00
-6.118164062500000000e-01
-8.369140625000000000e-01
-6.474609375000000000e-01
-1.971435546875000000e-01
1.669921875000000000e+00
1.674804687500000000e+00
-1.248779296875000000e-01
1.893615722656250000e-02
3.425292968750000000e-01
1.219726562500000000e+00
2.587890625000000000e-01
1.688476562500000000e+00
-7.729492187500000000e-01
1.723632812500000000e+00
1.170898437500000000e+00
1.017578125000000000e+00
1.702148437500000000e+00
7.021484375000000000e-01
-1.723632812500000000e-01
2.553710937500000000e-01
3.662109375000000000e-01
-1.831054687500000000e-01
5.986328125000000000e-01
-8.266601562500000000e-01
-5.502929687500000000e-01
1.825195312500000000e+00
1.172485351562500000e-01
2.332031250000000000e+00
-1.700439453125000000e-01
3.295898437500000000e-01
7.221679687500000000e-01
-1.995849609375000000e-01
1.106445312500000000e+00
1.306152343750000000e-01
-9.179687500000000000e-01
1.155273437500000000e+00
1.524414062500000000e+00
-7.895507812500000000e-01
1.552734375000000000e+00
7.104492187500000000e-02
-1.822509765625000000e-01
-3.320312500000000000e-01
-1.255859375000000000e+00
1.426757812500000000e+00
2.133789062500000000e-01
-7.661132812500000000e-01
5.659179687500000000e-01
-8.432617187500000000e-01
4.523925781250000000e-01
-7.055664062500000000e-01
1.285552978515625000e-02
-1.202148437500000000e+00
-5.780029296875000000e-02
-2.478515625000000000e+00
1.431640625000000000e+00
1.170043945312500000e-01
-1.319335937500000000e+00
-6.455078125000000000e-01
3.471679687500000000e-01
1.078125000000000000e+00
-5.756835937500000000e-01
7.246093750000000000e-01
2.160156250000000000e+00
-1.666992187500000000e+00
1.648437500000000000e+00
-5.776367187500000000e-01
-6.918945312500000000e-01
-7.358398437500000000e-01
6.025390625000000000e-01
-3.293457031250000000e-01
1.690673828125000000e-01
1.180664062500000000e+00
1.507568359375000000e-01
6.909179687500000000e-01
-1.208984375000000000e+00
-3.140625000000000000e+00
1.043090820312500000e-01
-2.136718750000000000e+00
2.249145507812500000e-02
-4.782714843750000000e-01
-1.028320312500000000e+00
-1.898193359375000000e-02
1.193359375000000000e+00
-6.474609375000000000e-01
1.040039062500000000e+00
-1.938476562500000000e-01
-6.884765625000000000e-01
7.050781250000000000e-01
6.171875000000000000e-01
-9.638671875000000000e-01
5.131835937500000000e-01
-1.508789062500000000e+00
-2.661132812500000000e-01
1.732421875000000000e+00
-6.333007812500000000e-01
-7.885742187500000000e-01
-7.280273437500000000e-01
-8.886718750000000000e-01
7.978515625000000000e-01
7.939453125000000000e-01
1.583984375000000000e+00
-1.034179687500000000e+00
-5.234375000000000000e-01
1.849609375000000000e+00
3.471679687500000000e-01
-2.271484375000000000e+00
3.889160156250000000e-01
-1.579589843750000000e-01
3.698730468750000000e-01
-1.216796875000000000e+00
1.768554687500000000e+00
-7.824218750000000000e+00
6.787109375000000000e-01
-1.163085937500000000e+00
3.220214843750000000e-01
9.941406250000000000e-01
6.240234375000000000e-01
1.251953125000000000e+00
-1.044921875000000000e+00
-2.413940429687500000e-02
1.148437500000000000e+00
1.791015625000000000e+00
1.558303833007812500e-03
4.616699218750000000e-01
1.125976562500000000e+00
-2.138671875000000000e+00
-6.430664062500000000e-01
-1.437500000000000000e+00
3.186035156250000000e-01
1.143554687500000000e+00
2.792968750000000000e-01
8.898925781250000000e-02
4.416503906250000000e-01
-9.350585937500000000e-02
-5.083007812500000000e-01
-2.226562500000000000e+00
7.421875000000000000e-01
-4.921875000000000000e-01
1.602539062500000000e+00
-4.316406250000000000e+00
9.301757812500000000e-01
3.503417968750000000e-02
7.167968750000000000e-01
-6.030273437500000000e-01
-9.750976562500000000e-01
4.486083984375000000e-03
1.403320312500000000e+00
-6.210937500000000000e-01
-1.181030273437500000e-01
1.267578125000000000e+00
-1.420898437500000000e-01
1.365966796875000000e-01
1.099609375000000000e+00
-3.828125000000000000e-01
-6.484375000000000000e-01
-3.674316406250000000e-01
1.666992187500000000e+00
2.888183593750000000e-01
-8.891601562500000000e-01
-7.558593750000000000e-01
-1.883544921875000000e-01
-2.600097656250000000e-01
-3.217773437500000000e-01
-9.707031250000000000e-01
1.552734375000000000e+00
9.320068359375000000e-02
-2.839843750000000000e+00
-9.990234375000000000e-01
-7.841796875000000000e-01
-2.702636718750000000e-01
1.452148437500000000e+00
-1.156250000000000000e+00
-8.090820312500000000e-01
2.841796875000000000e-01
2.830078125000000000e+00
-3.007812500000000000e+00
1.183593750000000000e+00
-7.109375000000000000e-01
-1.209960937500000000e+00
6.386718750000000000e-01
-6.660156250000000000e-01
-1.777343750000000000e+00
1.386718750000000000e-01
8.270263671875000000e-02
8.837890625000000000e-01
4.387207031250000000e-01
1.075195312500000000e+00
2.574218750000000000e+00
2.250000000000000000e+00
1.041015625000000000e+00
-4.279785156250000000e-01
3.303222656250000000e-01
-2.728515625000000000e+00
-1.666015625000000000e+00
-6.674804687500000000e-01
4.685058593750000000e-01
-4.606933593750000000e-01
6.889648437500000000e-01
-1.256835937500000000e+00
2.845703125000000000e+00
-9.941406250000000000e-01
3.713378906250000000e-01
1.533203125000000000e+00
1.071289062500000000e+00
1.185913085937500000e-01
-1.770019531250000000e-01
4.721679687500000000e-01
-2.343750000000000000e+00
-1.053466796875000000e-01
1.170898437500000000e+00
4.648437500000000000e-01
-1.541015625000000000e+00
-1.985351562500000000e+00
-1.162109375000000000e+00
-4.047851562500000000e-01
-1.088867187500000000e+00
-9.809570312500000000e-01
7.758789062500000000e-01
-5.170898437500000000e-01
2.171875000000000000e+00
2.180175781250000000e-01
-9.858398437500000000e-01
-6.040039062500000000e-01
9.609375000000000000e-01
1.707031250000000000e+00
-3.764648437500000000e-01
8.647460937500000000e-01
1.591796875000000000e+00
7.153320312500000000e-02
2.768554687500000000e-01
-4.882812500000000000e-01
2.982421875000000000e+00
1.152343750000000000e+00
-7.221679687500000000e-01
