-1.571289062500000000e+00
-1.729736328125000000e-01
-6.884765625000000000e-01
6.396484375000000000e-01
9.218750000000000000e-01
1.787109375000000000e-01
1.710937500000000000e+00
-7.827148437500000000e-01
2.148437500000000000e+00
-1.417968750000000000e+00
6.591796875000000000e-01
6.635742187500000000e-01
5.341796875000000000e-01
3.737792968750000000e-01
-3.935546875000000000e-01
3.713378906250000000e-01
2.927246093750000000e-01
7.685546875000000000e-01
-1.110351562500000000e+00
7.436523437500000000e-01
-3.720703125000000000e-01
1.510742187500000000e+00
-1.806640625000000000e+00
-3.035156250000000000e+00
-4.377441406250000000e-01
-1.855468750000000000e+00
1.405273437500000000e+00
1.642578125000000000e+00
2.605468750000000000e+00
-6.411132812500000000e-01
-4.144531250000000000e+00
9.609375000000000000e-01
1.405273437500000000e+00
8.017578125000000000e-01
1.068359375000000000e+00
1.545898437500000000e+00
-2.147216796875000000e-01
1.505126953125000000e-01
7.989501953125000000e-02
-2.656250000000000000e-01
1.188476562500000000e+00
8.203125000000000000e-02
1.358398437500000000e+00
3.784179687500000000e-01
6.904296875000000000e-01
1.600585937500000000e+00
9.399414062500000000e-01
1.029296875000000000e+00
2.692871093750000000e-01
6.645507812500000000e-01
2.983398437500000000e-01
-1.036132812500000000e+00
-1.541015625000000000e+00
-1.001953125000000000e+00
7.832031250000000000e-01
3.246093750000000000e+00
2.015625000000000000e+00
-7.529296875000000000e-01
-1.018554687500000000e+00
3.701171875000000000e+00
-9.165039062500000000e-01
-1.914062500000000000e+00
1.675781250000000000e+00
-9.643554687500000000e-01
4.807128906250000000e-01
-1.406250000000000000e+00
-7.153320312500000000e-01
-5.751953125000000000e-01
2.410156250000000000e+00
-1.665039062500000000e+00
-1.690673828125000000e-02
-1.600341796875000000e-01
-8.312988281250000000e-02
-5.302734375000000000e-01
-1.252441406250000000e-01
1.636718750000000000e+00
-3.129882812500000000e-01
-1.616210937500000000e+00
-2.580078125000000000e+00
-3.191406250000000000e+00
8.950195312500000000e-01
-1.333984375000000000e+00
5.932617187500000000e-01
-8.334960937500000000e-01
1.703125000000000000e+00
4.394531250000000000e-01
1.795654296875000000e-01
-6.215820312500000000e-01
3.872070312500000000e-01
5.190429687500000000e-01
-1.041015625000000000e+00
-6.430664062500000000e-01
2.244873046875000000e-01
-7.309570312500000000e-01
1.378906250000000000e+00
-8.403320312500000000e-01
-5.673828125000000000e-01
-1.433593750000000000e+00
3.129882812500000000e-01
2.072265625000000000e+00
-5.810546875000000000e-02
-1.951171875000000000e+00
-1.687011718750000000e-01
4.130859375000000000e-01
2.103271484375000000e-01
-7.041015625000000000e-01
-1.485351562500000000e+00
-2.983398437500000000e-01
6.293945312500000000e-01
4.438476562500000000e-01
-5.413818359375000000e-02
1.036132812500000000e+00
5.571289062500000000e-01
-8.632812500000000000e-01
2.632812500000000000e+00
4.162597656250000000e-01
-2.294921875000000000e-01
-1.083984375000000000e+00
-1.846679687500000000e+00
1.837890625000000000e+00
1.430664062500000000e+00
8.305664062500000000e-01
1.492187500000000000e+00
-6.992187500000000000e-01
-8.188476562500000000e-01
2.049560546875000000e-01
-1.124023437500000000e+00
7.851562500000000000e-01
-1.560546875000000000e+00
2.250976562500000000e-01
7.734375000000000000e-01
1.777343750000000000e+00
1.213867187500000000e+00
-1.300781250000000000e+00
-2.924804687500000000e-01
-1.028320312500000000e+00
-5.090332031250000000e-02
3.283691406250000000e-01
-5.488281250000000000e-01
2.058593750000000000e+00
2.378906250000000000e+00
8.697509765625000000e-03
-5.761718750000000000e-01
1.677734375000000000e+00
2.065429687500000000e-01
1.393554687500000000e+00
-9.973144531250000000e-02
-1.132812500000000000e+00
-1.869140625000000000e+00
2.390136718750000000e-01
-3.854980468750000000e-01
-4.042968750000000000e-01
-1.183593750000000000e+00
-2.265625000000000000e+00
1.665039062500000000e-01
1.326171875000000000e+00
-1.036132812500000000e+00
6.606445312500000000e-01
-5.507812500000000000e-01
-1.806640625000000000e-01
1.169921875000000000e+00
3.730468750000000000e-01
-2.039062500000000000e+00
-1.599609375000000000e+00
1.204101562500000000e+00
1.182861328125000000e-01
1.225585937500000000e-01
-6.772460937500000000e-01
-1.112304687500000000e+00
1.192382812500000000e+00
6.655273437500000000e-01
-1.503906250000000000e-01
-1.564453125000000000e+00
-1.449218750000000000e+00
-1.288085937500000000e+00
-4.741210937500000000e-01
-5.585937500000000000e-01
-2.398437500000000000e+00
-7.773437500000000000e-01
-1.352539062500000000e-01
1.791992187500000000e+00
-3.542480468750000000e-01
1.085937500000000000e+00
-1.651367187500000000e+00
1.471679687500000000e+00
1.520507812500000000e+00
-1.693359375000000000e+00
-3.164062500000000000e-01
1.353515625000000000e+00
7.006835937500000000e-01
-1.583251953125000000e-01
2.970703125000000000e+00
-1.047363281250000000e-01
-8.212890625000000000e-01
-3.458984375000000000e+00
-1.274414062500000000e+00
5.463867187500000000e-01
-1.198242187500000000e+00
1.006835937500000000e+00
2.141113281250000000e-01
-9.960937500000000000e-02
-1.740234375000000000e+00
2.357177734375000000e-01
5.107421875000000000e-01
-3.605957031250000000e-01
-2.274169921875000000e-01
-8.359375000000000000e-01
-1.873046875000000000e+00
-2.019042968750000000e-01
-2.119140625000000000e+00
3.979492187500000000e-01
4.924316406250000000e-01
-2.845703125000000000e+00
2.792968750000000000e+00
-1.664062500000000000e+00
-1.586914062500000000e+00
8.172607421875000000e-02
-1.994140625000000000e+00
-9.516601562500000000e-01
-4.790039062500000000e-01
6.855468750000000000e-01
-4.404296875000000000e-01
7.368164062500000000e-01
3.568359375000000000e+00
-2.121093750000000000e+00
-1.099609375000000000e+00
-4.693603515625000000e-02
-1.041015625000000000e+00
-1.605468750000000000e+00
6.918945312500000000e-01
-2.658691406250000000e-01
-1.968750000000000000e+00
1.858398437500000000e+00
-1.262695312500000000e+00
1.414062500000000000e+00
1.245117187500000000e+00
-1.025390625000000000e-01
1.208007812500000000e+00
6.835937500000000000e-01
-5.009765625000000000e-01
-1.114257812500000000e+00
1.552734375000000000e+00
4.223632812500000000e-01
-1.059375000000000000e+01
1.092529296875000000e-01
1.073242187500000000e+00
1.377929687500000000e+00
-4.030761718750000000e-01
1.613769531250000000e-01
5.048828125000000000e-01
-6.831054687500000000e-01
-5.942382812500000000e-01
3.432617187500000000e-01
-3.203125000000000000e-01
8.950195312500000000e-01
-1.278320312500000000e+00
-1.395507812500000000e+00
1.462890625000000000e+00
-2.142578125000000000e+00
-2.166015625000000000e+00
7.285156250000000000e-01
1.259765625000000000e+00
1.457031250000000000e+00
-6.352539062500000000e-01
-7.402343750000000000e-01
-6.884765625000000000e-01
2.357177734375000000e-01
-4.409790039062500000e-03
-1.920166015625000000e-01
-3.582763671875000000e-02
-8.886718750000000000e-01
1.241210937500000000e+00
2.207031250000000000e+00
1.415039062500000000e+00
-2.088623046875000000e-01
-2.382812500000000000e+00
1.501953125000000000e+00
1.821289062500000000e+00
6.259765625000000000e-01
9.145507812500000000e-01
2.371215820312500000e-02
-4.101562500000000000e-01
-2.271484375000000000e+00
-9.746093750000000000e-01
-1.380859375000000000e+00
-3.823852539062500000e-02
8.947753906250000000e-02
8.349609375000000000e-01
3.259277343750000000e-01
-1.448242187500000000e+00
1.468750000000000000e+00
8.657226562500000000e-01
-1.687011718750000000e-01
7.221679687500000000e-01
4.497070312500000000e-01
1.654296875000000000e+00
-8.916015625000000000e-01
-3.445312500000000000e+00
-8.994140625000000000e-01
4.070312500000000000e+00
1.995117187500000000e+00
-1.429687500000000000e+00
-3.635253906250000000e-01
-1.523437500000000000e+00
1.190429687500000000e+00
-4.553222656250000000e-01
-7.622070312500000000e-01
4.736328125000000000e-01
-1.221313476562500000e-01
-6.625976562500000000e-01
-1.074218750000000000e-01
-7.183837890625000000e-02
-1.099609375000000000e+00
4.953613281250000000e-01
-1.607421875000000000e+00
8.588867187500000000e-01
-3.593750000000000000e-01
-4.339843750000000000e+00
-1.634765625000000000e+00
1.438476562500000000e+00
3.356933593750000000e-01
-1.124023437500000000e+00
9.052734375000000000e-01
6.152343750000000000e-01
1.498046875000000000e+00
2.072265625000000000e+00
3.078613281250000000e-01
-3.080078125000000000e+00
-3.769531250000000000e-01
1.492187500000000000e+00
1.429687500000000000e+00
-2.111328125000000000e+00
1.348876953125000000e-01
-1.748657226562500000e-02
-1.082031250000000000e+00
-2.927246093750000000e-01
-1.369140625000000000e+00
1.050781250000000000e+00
-2.146484375000000000e+00
1.184570312500000000e+00
1.735351562500000000e+00
1.666015625000000000e+00
5.107421875000000000e-01
-9.118652343750000000e-02
3.906250000000000000e-02
-4.987792968750000000e-01
6.372070312500000000e-01
-1.195312500000000000e+00
-3.818359375000000000e-01
-4.743652343750000000e-01
2.933593750000000000e+00
-9.077148437500000000e-01
4.611206054687500000e-02
2.332031250000000000e+00
5.073242187500000000e-01
2.573242187500000000e-01
9.897460937500000000e-01
-9.893798828125000000e-02
-5.346679687500000000e-01
5.263671875000000000e-01
1.010742187500000000e+00
1.077148437500000000e+00
1.719726562500000000e+00
1.488281250000000000e+00
3.747558593750000000e-01
-4.409179687500000000e-01
1.145507812500000000e+00
3.457031250000000000e-01
8.666992187500000000e-02
-4.101562500000000000e-01
-5.493164062500000000e-01
-1.655273437500000000e+00
5.382537841796875000e-03
1.043945312500000000e+00
-1.975585937500000000e+00
7.280273437500000000e-01
-3.457031250000000000e-01
-5.244140625000000000e-01
3.586425781250000000e-01
-1.448974609375000000e-01
2.843750000000000000e+00
-1.950683593750000000e-01
-2.320312500000000000e+00
3.833007812500000000e-01
-1.397460937500000000e+00
1.402587890625000000e-01
-3.085937500000000000e-01
-2.878417968750000000e-01
4.110717773437500000e-02
1.731445312500000000e+00
1.009765625000000000e+00
-7.602539062500000000e-01
1.909179687500000000e-01
2.817382812500000000e-01
-6.538085937500000000e-01
9.882812500000000000e-01
-4.867553710937500000e-02
-5.117187500000000000e-01
-2.589416503906250000e-02
-3.822265625000000000e+00
-5.636596679687500000e-02
1.201171875000000000e+00
-1.026367187500000000e+00
8.540039062500000000e-01
2.783203125000000000e-01
-2.363281250000000000e-01
-2.612304687500000000e-01
-6.412506103515625000e-03
-4.006347656250000000e-01
-1.176757812500000000e+00
5.761718750000000000e-01
5.722656250000000000e-01
-1.861328125000000000e+00
-3.452148437500000000e-01
1.412109375000000000e+00
-1.645507812500000000e+00
3.945312500000000000e-01
6.562500000000000000e-01
1.323242187500000000e+00
3.491210937500000000e-01
-1.867187500000000000e+00
1.121215820312500000e-01
2.185058593750000000e-01
-1.546630859375000000e-01
-1.097656250000000000e+00
-2.919921875000000000e-01
1.060546875000000000e+00
-2.074218750000000000e+00
4.736328125000000000e-01
-5.914306640625000000e-02
-2.397460937500000000e-01
1.289062500000000000e-01
4.377441406250000000e-01
-7.841796875000000000e-01
-2.172851562500000000e-01
-1.107421875000000000e+00
-8.510742187500000000e-01
2.134765625000000000e+00
4.362792968750000000e-01
-3.178710937500000000e-01
-2.742004394531250000e-02
1.018554687500000000e+00
-9.970703125000000000e-01
-2.042968750000000000e+00
2.958984375000000000e-01
-4.433593750000000000e-01
-9.638671875000000000e-01
1.330078125000000000e+00
1.297607421875000000e-01
2.021484375000000000e+00
1.074218750000000000e+00
-1.871093750000000000e+00
2.935546875000000000e+00
8.115234375000000000e-01
1.536865234375000000e-01
-3.751953125000000000e+00
2.171630859375000000e-01
-5.708007812500000000e-01
-1.714843750000000000e+00
1.607421875000000000e+00
3.958129882812500000e-02
-1.077148437500000000e+00
4.384765625000000000e-01
-7.856445312500000000e-01
7.666015625000000000e-01
-1.613281250000000000e+00
-6.010742187500000000e-01
-1.841796875000000000e+00
1.458984375000000000e+00
-1.425781250000000000e+00
-4.416503906250000000e-01
-4.504394531250000000e-01
-9.482421875000000000e-01
4.414062500000000000e-01
1.994140625000000000e+00
2.142578125000000000e+00
7.324218750000000000e-01
4.277343750000000000e+00
8.173828125000000000e-01
3.493652343750000000e-01
1.640625000000000000e+00
-6.665039062500000000e-01
1.758789062500000000e+00
1.029296875000000000e+00
3.288574218750000000e-01
2.042968750000000000e+00
-4.758300781250000000e-01
-2.353515625000000000e-01
9.951171875000000000e-01
-1.019531250000000000e+00
-4.934082031250000000e-01
2.352294921875000000e-01
4.121093750000000000e-01
-6.313476562500000000e-01
-4.726562500000000000e-01
1.647949218750000000e-01
-1.172851562500000000e+00
2.767578125000000000e+00
1.710937500000000000e+00
-2.210937500000000000e+00
-5.937500000000000000e-01
5.639648437500000000e-01
1.842773437500000000e+00
-1.139648437500000000e+00
-1.936523437500000000e+00
4.333496093750000000e-02
1.877929687500000000e+00
-2.322265625000000000e+00
-7.338867187500000000e-01
5.800781250000000000e-01
-1.464843750000000000e+00
1.318359375000000000e-01
2.267578125000000000e+00
2.624511718750000000e-01
-2.083740234375000000e-01
1.002929687500000000e+00
-1.075195312500000000e+00
-1.617187500000000000e+00
-1.083007812500000000e+00
-2.798828125000000000e+00
-2.011718750000000000e+00
-2.080078125000000000e+00
3.687500000000000000e+00
-1.725585937500000000e+00
5.000000000000000000e-01
5.659179687500000000e-01
-1.650390625000000000e-01
2.746093750000000000e+00
-3.283691406250000000e-01
-1.444335937500000000e+00
7.330322265625000000e-02
4.597167968750000000e-01
1.642578125000000000e+00
9.008789062500000000e-02
2.182617187500000000e-01
-9.624023437500000000e-01
-7.583007812500000000e-01
-1.149414062500000000e+00
-4.235839843750000000e-01
-2.384948730468750000e-02
4.362792968750000000e-01
-6.469726562500000000e-01
-3.444824218750000000e-01
1.440429687500000000e+00
-4.145507812500000000e-01
8.827209472656250000e-03
5.218505859375000000e-02
-2.741699218750000000e-01
-3.583984375000000000e-01
-3.947753906250000000e-01
1.724853515625000000e-01
-1.572608947753906250e-03
8.315429687500000000e-01
-4.223632812500000000e-01
1.808593750000000000e+00
-1.189453125000000000e+00
6.357421875000000000e-01
1.170898437500000000e+00
3.146484375000000000e+00
-2.146484375000000000e+00
-7.749023437500000000e-01
9.145507812500000000e-01
-3.322753906250000000e-01
-1.674804687500000000e+00
-1.912109375000000000e+00
-3.337402343750000000e-01
-1.192382812500000000e+00
5.566406250000000000e-01
5.541992187500000000e-01
-1.125976562500000000e+00
-1.531250000000000000e+00
-1.749038696289062500e-03
7.900390625000000000e-01
-1.052734375000000000e+00
-2.646484375000000000e-01
-2.121093750000000000e+00
5.200195312500000000e-01
1.466064453125000000e-01
-1.758789062500000000e+00
2.777343750000000000e+00
1.104492187500000000e+00
2.519531250000000000e-01
8.758544921875000000e-02
5.537109375000000000e-01
2.146484375000000000e+00
-1.800781250000000000e+00
-1.183593750000000000e+00
5.576171875000000000e-01
-1.143554687500000000e+00
6.894531250000000000e-01
-1.082031250000000000e+00
1.618164062500000000e+00
1.909179687500000000e+00
6.508789062500000000e-01
-5.328125000000000000e+00
1.918945312500000000e+00
-7.207031250000000000e-01
1.831054687500000000e-01
4.104003906250000000e-01
-3.152343750000000000e+00
3.237304687500000000e-01
1.638671875000000000e+00
-1.822265625000000000e+00
-1.099586486816406250e-03
9.829101562500000000e-01
-2.134765625000000000e+00
3.576660156250000000e-01
-5.670166015625000000e-02
-1.072265625000000000e+00
-6.743164062500000000e-01
1.780273437500000000e+00
-1.060546875000000000e+00
-7.719726562500000000e-01
-2.285156250000000000e+00
-2.861328125000000000e-01
7.324218750000000000e-01
1.788330078125000000e-01
2.402343750000000000e+00
-6.679687500000000000e-01
-1.365234375000000000e+00
2.833557128906250000e-02
2.392578125000000000e-01
-3.101562500000000000e+00
3.210449218750000000e-01
2.640625000000000000e+00
-1.263671875000000000e+00
-1.113281250000000000e+00
1.415039062500000000e+00
9.150390625000000000e-01
7.050781250000000000e-01
-3.847656250000000000e-01
-9.951171875000000000e-01
1.815185546875000000e-01
7.451171875000000000e-01
2.064453125000000000e+00
-1.215820312500000000e+00
1.275390625000000000e+00
2.843750000000000000e+00
-1.129882812500000000e+00
1.027832031250000000e-01
7.260742187500000000e-01
6.674804687500000000e-01
-1.275390625000000000e+00
1.294921875000000000e+00
-7.358398437500000000e-01
2.136718750000000000e+00
2.313232421875000000e-01
4.511718750000000000e-01
-6.611328125000000000e-01
-2.001953125000000000e+00
1.284179687500000000e-01
2.641601562500000000e-01
-1.090820312500000000e+00
9.453125000000000000e-01
1.494140625000000000e+00
7.978515625000000000e-01
-1.791992187500000000e+00
-7.011718750000000000e-01
2.279052734375000000e-01
8.891601562500000000e-01
3.261718750000000000e-01
1.311523437500000000e+00
-5.771484375000000000e-01
-1.312255859375000000e-01
-8.027343750000000000e-01
1.575927734375000000e-01
-1.447753906250000000e-01
8.637695312500000000e-01
-1.070556640625000000e-01
4.184570312500000000e-01
1.472656250000000000e+00
5.278320312500000000e-01
-1.783203125000000000e+00
7.065429687500000000e-01
-1.610351562500000000e+00
5.190429687500000000e-01
4.357910156250000000e-01
-6.518554687500000000e-01
6.303710937500000000e-01
-1.107421875000000000e+00
1.048828125000000000e+00
8.710937500000000000e-01
-2.927734375000000000e+00
8.955078125000000000e-01
2.064453125000000000e+00
1.207031250000000000e+00
-5.263671875000000000e-01
-1.669921875000000000e-01
-8.989257812500000000e-01
1.642578125000000000e+00
7.392578125000000000e-01
8.715820312500000000e-02
-1.821289062500000000e+00
1.501953125000000000e+00
-1.068359375000000000e+00
-3.953125000000000000e+00
-6.469726562500000000e-01
-4.255371093750000000e-01
1.622070312500000000e+00
7.797851562500000000e-01
2.666015625000000000e+00
1.478515625000000000e+00
1.205444335937500000e-03
1.762695312500000000e+00
-1.097656250000000000e+00
-1.257324218750000000e-01
1.531250000000000000e+00
-9.941406250000000000e-01
-2.819824218750000000e-01
7.070312500000000000e-01
-8.837890625000000000e-01
1.011718750000000000e+00
1.611328125000000000e+00
-2.343750000000000000e+00
-8.891601562500000000e-01
4.550781250000000000e-01
3.879394531250000000e-01
6.591796875000000000e-02
-1.472656250000000000e+00
-1.028320312500000000e+00
9.033203125000000000e-01
4.694824218750000000e-01
1.987304687500000000e-01
1.066406250000000000e+00
-3.181152343750000000e-01
4.487304687500000000e-01
-1.222656250000000000e+00
-1.094726562500000000e+00
-1.861328125000000000e+00
8.203125000000000000e-01
-4.836425781250000000e-01
3.396484375000000000e+00
-1.695312500000000000e+00
8.833007812500000000e-01
-1.583007812500000000e+00
-1.716796875000000000e+00
-2.147216796875000000e-01
-1.146850585937500000e-01
1.101074218750000000e-01
-6.562500000000000000e-01
-6.245117187500000000e-01
-1.568359375000000000e+00
-3.762207031250000000e-01
1.328125000000000000e+00
-3.959960937500000000e-01
9.975585937500000000e-01
6.898437500000000000e+00
2.490234375000000000e+00
-9.340820312500000000e-01
1.742187500000000000e+00
-9.438476562500000000e-01
-7.070312500000000000e-01
-2.132812500000000000e+00
1.100585937500000000e+00
1.517578125000000000e+00
2.425781250000000000e+00
6.748046875000000000e-01
2.847656250000000000e+00
-1.158203125000000000e+00
-4.206542968750000000e-01
-9.062500000000000000e-01
-2.695312500000000000e-01
8.808593750000000000e-01
1.827392578125000000e-01
-8.999023437500000000e-01
4.665527343750000000e-01
-1.184570312500000000e+00
2.283203125000000000e+00
-2.580566406250000000e-01
1.681640625000000000e+00
1.490234375000000000e+00
2.041015625000000000e+00
1.347656250000000000e+00
3.625488281250000000e-01
3.442382812500000000e-02
2.287109375000000000e+00
-8.881835937500000000e-01
7.011718750000000000e-01
5.791015625000000000e-01
-4.162597656250000000e-01
-2.646484375000000000e+00
2.264404296875000000e-01
1.756591796875000000e-01
-1.906250000000000000e+00
1.433105468750000000e-01
2.614746093750000000e-01
9.893798828125000000e-02
-1.075195312500000000e+00
-1.795898437500000000e+00
9.526367187500000000e-01
-6.879882812500000000e-01
3.742675781250000000e-01
1.980468750000000000e+00
4.382324218750000000e-01
-3.464355468750000000e-01
2.124023437500000000e-02
1.469726562500000000e+00
1.362304687500000000e+00
-7.841796875000000000e-01
-1.464843750000000000e+00
2.130859375000000000e+00
1.467773437500000000e+00
-1.115234375000000000e+00
2.070312500000000000e-01
6.040039062500000000e-01
3.002929687500000000e-01
-6.010742187500000000e-01
2.241210937500000000e-01
2.709960937500000000e-01
1.249023437500000000e+00
-1.671875000000000000e+00
2.029296875000000000e+00
9.306640625000000000e-01
1.379882812500000000e+00
1.458007812500000000e+00
2.301025390625000000e-02
-7.128906250000000000e-01
-9.086914062500000000e-01
4.636230468750000000e-01
6.704101562500000000e-01
1.198242187500000000e+00
-2.531738281250000000e-01
1.341796875000000000e+00
-1.162109375000000000e+00
6.005859375000000000e-01
-6.440429687500000000e-01
-1.484375000000000000e-01
-3.818359375000000000e-01
1.144531250000000000e+00
1.694335937500000000e+00
1.759765625000000000e+00
1.511230468750000000e-01
-1.156250000000000000e+00
-1.434326171875000000e-01
-8.256835937500000000e-01
-3.596191406250000000e-01
-6.191406250000000000e-01
-1.538085937500000000e+00
1.378173828125000000e-01
1.242187500000000000e+00
1.081054687500000000e+00
1.701171875000000000e+00
-5.715942382812500000e-02
1.850585937500000000e+00
-1.777343750000000000e-01
2.314453125000000000e+00
-2.173828125000000000e+00
-2.629394531250000000e-01
-1.640625000000000000e-01
-8.828125000000000000e-01
-7.304687500000000000e-01
6.977539062500000000e-01
-1.802734375000000000e+00
6.746093750000000000e+00
1.917968750000000000e+00
-3.034667968750000000e-01
-5.126953125000000000e-01
2.183593750000000000e+00
-4.465332031250000000e-01
-5.844726562500000000e-01
1.119384765625000000e-01
1.140747070312500000e-01
1.524658203125000000e-01
2.814941406250000000e-01
-1.088867187500000000e+00
-2.257812500000000000e+00
-7.775878906250000000e-02
-4.909667968750000000e-01
-5.986328125000000000e-01
-3.178710937500000000e-01
7.387695312500000000e-01
7.558593750000000000e-01
1.306152343750000000e-02
9.653320312500000000e-01
2.152343750000000000e+00
8.779296875000000000e-01
1.742187500000000000e+00
-2.308349609375000000e-01
4.104003906250000000e-01
-5.764770507812500000e-02
-1.035156250000000000e+00
1.950683593750000000e-01
5.400390625000000000e-01
9.667968750000000000e-01
6.318359375000000000e-01
-8.149414062500000000e-01
3.635253906250000000e-01
-4.111328125000000000e-01
-1.276367187500000000e+00
-8.105468750000000000e-01
-3.361816406250000000e-01
8.632812500000000000e-01
2.651367187500000000e-01
3.691406250000000000e-01
1.518554687500000000e+00
-3.264160156250000000e-01
6.787109375000000000e-01
1.753906250000000000e+00
-8.178710937500000000e-01
1.880859375000000000e+00
1.060546875000000000e+00
-6.687500000000000000e+00
4.567871093750000000e-01
1.113281250000000000e+00
7.504882812500000000e-01
-7.099609375000000000e-01
2.005859375000000000e+00
6.308593750000000000e-01
-2.558898925781250000e-02
5.195312500000000000e-01
2.414062500000000000e+00
8.793945312500000000e-01
-4.079589843750000000e-01
-2.130859375000000000e+00
6.787109375000000000e-01
-4.128417968750000000e-01
-9.545898437500000000e-01
1.163330078125000000e-01
-8.735351562500000000e-01
1.726562500000000000e+00
-1.121093750000000000e+00
9.033203125000000000e-01
-7.299804687500000000e-01
1.285156250000000000e+00
-2.406250000000000000e+00
-1.068359375000000000e+00
2.705078125000000000e-01
1.345703125000000000e+00
1.044921875000000000e+00
-1.293945312500000000e+00
3.921508789062500000e-02
9.321289062500000000e-01
-4.006347656250000000e-01
7.290039062500000000e-01
-1.429443359375000000e-01
1.461914062500000000e+00
1.167968750000000000e+00
-1.468750000000000000e+00
-1.021484375000000000e+00
1.143554687500000000e+00
8.139648437500000000e-01
-7.260742187500000000e-01
-8.554687500000000000e-01
-4.277343750000000000e-01
1.875976562500000000e+00
-7.963867187500000000e-01
1.767578125000000000e-01
7.705078125000000000e-01
-8.154296875000000000e-01
-1.446289062500000000e+00
-1.479492187500000000e+00
-6.806640625000000000e-01
2.298828125000000000e+00
1.593750000000000000e+00
-1.151367187500000000e+00
1.896484375000000000e+00
8.989257812500000000e-01
-3.872070312500000000e-01
-4.916992187500000000e-01
-7.739257812500000000e-01
5.546875000000000000e-01
3.098144531250000000e-01
-6.035156250000000000e-01
-7.385253906250000000e-02
-1.551757812500000000e+00
7.452392578125000000e-02
-1.904296875000000000e+00
-1.206054687500000000e+00
-9.091796875000000000e-01
-1.502929687500000000e+00
-2.543945312500000000e-01
-2.792968750000000000e-01
1.724609375000000000e+00
7.587890625000000000e-01
-2.496093750000000000e+00
-7.012939453125000000e-02
1.706054687500000000e+00
4.003906250000000000e+00
1.925781250000000000e+00
7.354736328125000000e-02
-1.295898437500000000e+00
2.973632812500000000e-01
-1.711914062500000000e+00
-5.322265625000000000e-01
-2.408447265625000000e-01
1.201171875000000000e+00
-4.316406250000000000e-01
1.040039062500000000e+00
7.647705078125000000e-02
1.786132812500000000e+00
-1.009765625000000000e+00
-2.009765625000000000e+00
-1.948242187500000000e+00
3.632812500000000000e-01
2.070312500000000000e+00
-5.654296875000000000e-01
1.247070312500000000e+00
-1.091796875000000000e+00
-1.438476562500000000e+00
-5.760192871093750000e-04
6.933593750000000000e-01
1.359375000000000000e+00
-1.479492187500000000e+00
1.052734375000000000e+00
-5.439453125000000000e-01
-4.494628906250000000e-01
-3.706054687500000000e-01
1.641845703125000000e-01
-4.587402343750000000e-01
9.877929687500000000e-01
-3.811035156250000000e-01
7.744140625000000000e-01
1.190429687500000000e+00
7.153320312500000000e-01
-1.678466796875000000e-01
-1.245117187500000000e-01
-9.677734375000000000e-01
-2.666015625000000000e-01
-7.897949218750000000e-02
3.684082031250000000e-01
-6.562500000000000000e-01
7.011718750000000000e-01
3.137207031250000000e-01
1.052734375000000000e+00
