-7.416992187500000000e-01
-1.428710937500000000e+00
-3.830566406250000000e-01
1.359863281250000000e-01
-1.721679687500000000e+00
1.657226562500000000e+00
-3.693847656250000000e-01
3.361816406250000000e-01
-2.121582031250000000e-01
-1.723632812500000000e-01
8.872070312500000000e-01
1.386718750000000000e+00
1.777343750000000000e+00
1.367187500000000000e+00
7.700195312500000000e-01
1.708984375000000000e+00
-1.162109375000000000e+00
-3.781250000000000000e+00
-5.410156250000000000e-01
1.054687500000000000e+00
-1.342773437500000000e+00
-4.277343750000000000e-01
-1.383789062500000000e+00
1.175781250000000000e+00
1.547851562500000000e+00
-2.000732421875000000e-01
1.877929687500000000e+00
-5.786132812500000000e-01
-3.769531250000000000e-01
-1.477050781250000000e-01
1.202148437500000000e+00
-9.643554687500000000e-01
1.613281250000000000e+00
2.363281250000000000e-01
-2.021484375000000000e+00
4.663085937500000000e-01
2.436523437500000000e-01
1.596679687500000000e-01
-3.188476562500000000e-01
-6.850585937500000000e-01
1.409912109375000000e-01
2.025390625000000000e+00
8.061523437500000000e-01
2.656250000000000000e-01
-1.704101562500000000e+00
-9.320068359375000000e-02
9.096679687500000000e-01
1.133789062500000000e+00
5.336914062500000000e-01
5.263671875000000000e-01
-6.669921875000000000e-01
-4.418945312500000000e-01
-3.121093750000000000e+00
-2.763671875000000000e-01
-2.326660156250000000e-01
1.031494140625000000e-01
-1.515625000000000000e+00
-2.182617187500000000e-01
6.904296875000000000e-01
4.111328125000000000e-01
-2.789062500000000000e+00
-1.140625000000000000e+00
-8.398437500000000000e-01
9.503173828125000000e-02
4.265625000000000000e+00
-3.978515625000000000e+00
-1.285156250000000000e+00
-8.554687500000000000e-01
-2.003906250000000000e+00
-2.158203125000000000e+00
3.625488281250000000e-01
1.828613281250000000e-01
1.477539062500000000e+00
-1.662109375000000000e+00
1.269531250000000000e+00
-3.732910156250000000e-01
1.408203125000000000e+00
-4.111328125000000000e-01
7.568359375000000000e-01
1.086914062500000000e+00
-2.244140625000000000e+00
-2.394531250000000000e+00
1.981201171875000000e-01
1.087890625000000000e+00
1.845703125000000000e+00
-2.146484375000000000e+00
-2.968750000000000000e-01
-1.754882812500000000e+00
-1.550781250000000000e+00
2.785644531250000000e-01
1.163085937500000000e+00
1.970703125000000000e+00
-1.349609375000000000e+00
-1.409179687500000000e+00
-1.362304687500000000e+00
-2.386718750000000000e+00
-1.553710937500000000e+00
3.762207031250000000e-01
-2.829589843750000000e-01
1.119140625000000000e+00
-1.148437500000000000e+00
1.676757812500000000e+00
1.115234375000000000e+00
1.375000000000000000e+00
1.692382812500000000e+00
-1.210937500000000000e+00
2.056884765625000000e-01
2.062988281250000000e-01
4.895019531250000000e-01
2.492187500000000000e+00
1.728515625000000000e+00
2.210937500000000000e+00
1.053466796875000000e-01
7.818603515625000000e-02
-1.340332031250000000e-01
-1.280273437500000000e+00
4.807128906250000000e-01
-1.709960937500000000e+00
4.577636718750000000e-01
2.722167968750000000e-01
-2.788085937500000000e-01
-4.907226562500000000e-01
-2.058593750000000000e+00
-8.477783203125000000e-02
5.742187500000000000e-01
-6.835937500000000000e-01
2.050781250000000000e+00
5.590820312500000000e-01
3.835449218750000000e-01
9.918212890625000000e-02
3.769531250000000000e-01
-2.228515625000000000e+00
2.851562500000000000e-01
-5.434570312500000000e-01
3.261718750000000000e-01
1.869140625000000000e+00
2.045898437500000000e-01
2.642578125000000000e+00
2.662109375000000000e+00
4.398437500000000000e+00
-5.380859375000000000e-01
-4.392089843750000000e-01
-3.769531250000000000e-01
7.929687500000000000e-01
-8.999023437500000000e-01
-8.120117187500000000e-01
-1.058349609375000000e-01
1.598632812500000000e+00
2.664062500000000000e+00
-2.074218750000000000e+00
-3.317871093750000000e-01
-5.200195312500000000e-01
1.674804687500000000e+00
1.544921875000000000e+00
3.315429687500000000e-01
6.455078125000000000e-01
-6.108398437500000000e-01
-2.662109375000000000e+00
7.587890625000000000e-01
-1.651367187500000000e+00
-1.475830078125000000e-01
-9.550781250000000000e-01
2.939453125000000000e+00
-1.069946289062500000e-01
-1.430664062500000000e+00
1.024414062500000000e+00
-7.119140625000000000e-01
1.525878906250000000e-01
1.940429687500000000e+00
9.775390625000000000e-01
-2.971191406250000000e-01
-1.471679687500000000e+00
-2.316406250000000000e+00
-3.359375000000000000e-01
1.070312500000000000e+00
6.215820312500000000e-01
-9.833984375000000000e-01
-5.385742187500000000e-01
-1.025390625000000000e+00
-1.208007812500000000e+00
7.702636718750000000e-02
7.739257812500000000e-01
-1.411132812500000000e-01
2.484375000000000000e+00
-1.490020751953125000e-02
1.950195312500000000e+00
-4.223632812500000000e-01
-7.695312500000000000e-01
8.750000000000000000e-01
4.929199218750000000e-01
1.808593750000000000e+00
-1.918945312500000000e-01
-2.641601562500000000e-01
4.589843750000000000e-01
-1.570312500000000000e+00
7.851562500000000000e-01
-7.714843750000000000e-01
5.483398437500000000e-01
1.691406250000000000e+00
7.622070312500000000e-01
1.198242187500000000e+00
1.035156250000000000e+00
-4.787597656250000000e-01
1.840820312500000000e+00
-1.240234375000000000e+00
1.710937500000000000e+00
-2.794921875000000000e+00
1.528320312500000000e-01
1.666992187500000000e+00
8.461914062500000000e-01
-3.488769531250000000e-01
1.741210937500000000e+00
-1.417968750000000000e+00
1.264648437500000000e+00
2.573242187500000000e-01
-2.482910156250000000e-01
8.051757812500000000e-01
-1.682617187500000000e+00
6.210937500000000000e-01
-2.939453125000000000e-01
3.115234375000000000e-01
2.527343750000000000e+00
-5.756835937500000000e-01
5.007812500000000000e+00
-2.644042968750000000e-01
-1.760742187500000000e+00
1.216796875000000000e+00
6.206054687500000000e-01
-2.337890625000000000e+00
-8.422851562500000000e-02
-2.064208984375000000e-01
-1.497070312500000000e+00
-7.622070312500000000e-01
-2.509765625000000000e+00
6.079101562500000000e-01
-1.421875000000000000e+00
-1.947265625000000000e+00
3.806152343750000000e-01
8.779296875000000000e-01
1.881835937500000000e+00
4.338378906250000000e-01
1.416992187500000000e+00
-3.103027343750000000e-01
-6.304687500000000000e+00
-7.339843750000000000e+00
9.438476562500000000e-01
-1.229492187500000000e+00
-2.160156250000000000e+00
-2.585449218750000000e-01
-6.506347656250000000e-02
1.338195800781250000e-02
-1.329345703125000000e-01
3.718261718750000000e-01
3.747558593750000000e-01
1.957031250000000000e+00
1.190795898437500000e-01
3.439941406250000000e-01
4.409179687500000000e-01
8.315429687500000000e-01
-1.501953125000000000e+00
1.270507812500000000e+00
-1.879882812500000000e+00
1.938476562500000000e+00
-1.114257812500000000e+00
4.094238281250000000e-01
6.127929687500000000e-02
4.831542968750000000e-01
3.324218750000000000e+00
-1.006835937500000000e+00
-5.444335937500000000e-01
-1.826171875000000000e-01
3.181640625000000000e+00
-1.265625000000000000e+00
1.091308593750000000e-01
-5.488281250000000000e-01
-2.177734375000000000e+00
-4.560546875000000000e-01
2.251953125000000000e+00
-7.832031250000000000e-01
-2.496093750000000000e+00
-3.535156250000000000e-01
6.699218750000000000e-01
-1.301757812500000000e+00
-1.644287109375000000e-01
3.388671875000000000e-01
7.783203125000000000e-01
-1.466796875000000000e+00
9.926757812500000000e-01
3.015136718750000000e-01
-8.090820312500000000e-01
8.618164062500000000e-01
-8.808593750000000000e-01
1.175781250000000000e+00
-2.314453125000000000e-01
2.943359375000000000e+00
-4.111328125000000000e-01
4.077148437500000000e-02
-4.949218750000000000e+00
-2.046875000000000000e+00
2.054687500000000000e+00
1.136718750000000000e+00
-1.588867187500000000e+00
1.169921875000000000e+00
-2.143554687500000000e-01
-2.607421875000000000e+00
-2.727050781250000000e-01
9.545898437500000000e-02
-1.580078125000000000e+00
4.045410156250000000e-01
-3.738281250000000000e+00
8.117675781250000000e-02
-7.949218750000000000e-01
1.160156250000000000e+00
1.544921875000000000e+00
1.719970703125000000e-01
1.719726562500000000e+00
-1.878906250000000000e+00
8.178710937500000000e-01
1.662109375000000000e+00
-5.737304687500000000e-01
-2.794921875000000000e+00
4.174804687500000000e-01
-1.119140625000000000e+00
-1.694335937500000000e+00
-5.683593750000000000e-01
9.975585937500000000e-01
1.665039062500000000e+00
-2.795410156250000000e-01
2.611328125000000000e+00
-1.201171875000000000e+00
4.702148437500000000e-01
4.606933593750000000e-01
-1.133789062500000000e+00
3.979492187500000000e-01
-1.023437500000000000e+00
-1.926757812500000000e+00
-1.435546875000000000e+00
1.610351562500000000e+00
1.280273437500000000e+00
-1.076171875000000000e+00
-2.287109375000000000e+00
-9.443359375000000000e-01
2.363281250000000000e-01
-1.802734375000000000e+00
8.730468750000000000e-01
6.113281250000000000e-01
-5.947265625000000000e-01
2.296875000000000000e+00
1.802734375000000000e+00
-7.116699218750000000e-02
1.405273437500000000e+00
2.255859375000000000e+00
9.248046875000000000e-01
1.582031250000000000e+00
2.464843750000000000e+00
4.780273437500000000e-01
-1.867187500000000000e+00
-2.025390625000000000e+00
-2.727050781250000000e-01
-7.221679687500000000e-01
6.679687500000000000e-01
-1.430664062500000000e+00
7.275390625000000000e-01
7.314453125000000000e-01
1.675781250000000000e+00
5.576171875000000000e-01
-5.815429687500000000e-01
-2.482421875000000000e+00
-1.789062500000000000e+00
7.832031250000000000e-01
-1.461181640625000000e-01
3.250000000000000000e+00
-2.683593750000000000e+00
4.887695312500000000e-01
-1.333007812500000000e+00
-7.407226562500000000e-01
-1.166015625000000000e+00
-4.797363281250000000e-01
-3.400878906250000000e-01
-2.373046875000000000e+00
1.375000000000000000e+00
-6.474609375000000000e-01
-1.186523437500000000e+00
3.381347656250000000e-01
2.707519531250000000e-01
-7.377929687500000000e-01
1.679687500000000000e-01
7.226562500000000000e-01
1.346679687500000000e+00
-1.584960937500000000e+00
-5.688476562500000000e-01
-1.646484375000000000e+00
-2.207031250000000000e+00
-1.379882812500000000e+00
-7.138671875000000000e-01
-1.535644531250000000e-01
1.285156250000000000e+00
-5.878906250000000000e-01
1.767578125000000000e+00
4.906250000000000000e+00
-1.407226562500000000e+00
1.510742187500000000e+00
1.322265625000000000e+00
1.163085937500000000e+00
-1.724853515625000000e-01
2.144531250000000000e+00
-3.149414062500000000e-02
-9.124755859375000000e-02
9.887695312500000000e-01
-3.656250000000000000e+00
1.116210937500000000e+00
-2.425781250000000000e+00
4.338378906250000000e-01
-6.806640625000000000e-01
1.693359375000000000e+00
9.907226562500000000e-01
1.510742187500000000e+00
-1.536132812500000000e+00
1.898437500000000000e+00
1.251220703125000000e-01
5.307617187500000000e-01
7.133789062500000000e-01
-2.575683593750000000e-01
2.736328125000000000e+00
-1.612304687500000000e+00
1.188476562500000000e+00
-3.054199218750000000e-01
9.111328125000000000e-01
-3.942871093750000000e-01
2.117187500000000000e+00
-5.712890625000000000e-02
3.148437500000000000e+00
-8.881835937500000000e-01
1.750976562500000000e+00
-1.223632812500000000e+00
-1.075195312500000000e+00
-1.908203125000000000e+00
7.504882812500000000e-01
-5.883789062500000000e-01
-6.010742187500000000e-01
-1.544921875000000000e+00
3.480468750000000000e+00
3.510742187500000000e-01
1.456054687500000000e+00
1.918945312500000000e+00
-3.001953125000000000e+00
2.291015625000000000e+00
3.776855468750000000e-01
-1.791992187500000000e-01
7.968750000000000000e-01
2.859375000000000000e+00
-1.463867187500000000e+00
7.580566406250000000e-02
8.471679687500000000e-01
1.320312500000000000e+00
-1.667480468750000000e-01
-3.352050781250000000e-01
-1.341796875000000000e+00
-1.444335937500000000e+00
2.050781250000000000e+00
-1.084960937500000000e+00
2.169189453125000000e-01
1.408203125000000000e+00
-5.722656250000000000e-01
4.304199218750000000e-01
-2.517578125000000000e+00
4.453125000000000000e-01
-8.251953125000000000e-01
2.238281250000000000e+00
-6.817626953125000000e-02
-1.585693359375000000e-01
-2.607421875000000000e-01
-1.429687500000000000e+00
-2.746582031250000000e-01
5.693359375000000000e-01
4.777832031250000000e-01
-3.110351562500000000e-01
-3.658203125000000000e+00
6.806640625000000000e-01
-1.097656250000000000e+00
2.600097656250000000e-02
-6.347656250000000000e-01
-1.520507812500000000e+00
3.181640625000000000e+00
-1.148223876953125000e-02
2.681640625000000000e+00
2.219238281250000000e-01
1.349609375000000000e+00
1.405273437500000000e+00
-4.030761718750000000e-01
7.426757812500000000e-01
6.054687500000000000e-01
-6.098632812500000000e-01
-9.384765625000000000e-01
-4.819335937500000000e-01
1.129882812500000000e+00
-1.150390625000000000e+00
-3.519531250000000000e+00
7.314453125000000000e-01
2.343750000000000000e-02
-6.889648437500000000e-01
7.924804687500000000e-01
8.076171875000000000e-01
-1.021484375000000000e+00
-1.925781250000000000e+00
1.351562500000000000e+00
-1.442382812500000000e+00
-1.125976562500000000e+00
1.729492187500000000e+00
4.296875000000000000e+00
4.406738281250000000e-02
5.732421875000000000e-01
1.446289062500000000e+00
1.910400390625000000e-01
8.076171875000000000e-01
-3.942871093750000000e-01
6.723632812500000000e-01
-5.922851562500000000e-01
4.873046875000000000e-01
6.806640625000000000e-01
1.081054687500000000e+00
4.653320312500000000e-01
4.972656250000000000e+00
-9.472656250000000000e-01
2.239990234375000000e-01
-5.302734375000000000e-01
-8.422851562500000000e-01
5.322265625000000000e-01
-9.628906250000000000e-01
8.452148437500000000e-01
2.133789062500000000e-01
5.226562500000000000e+00
-2.279296875000000000e+00
7.939453125000000000e-01
-1.797851562500000000e+00
-2.662109375000000000e+00
5.449218750000000000e-01
-6.542968750000000000e-01
8.847656250000000000e-01
-3.056640625000000000e-01
-9.091796875000000000e-01
-1.823730468750000000e-01
-1.908203125000000000e+00
-9.023437500000000000e-01
-5.195312500000000000e-01
-1.185546875000000000e+00
-3.004074096679687500e-03
9.624023437500000000e-01
3.208007812500000000e-01
1.021484375000000000e+00
3.530883789062500000e-02
1.330078125000000000e+00
-2.087890625000000000e+00
-1.915039062500000000e+00
9.951171875000000000e-01
-2.023437500000000000e+00
-2.392578125000000000e+00
2.379150390625000000e-01
-7.148437500000000000e-01
3.298339843750000000e-01
9.316406250000000000e-01
-3.737792968750000000e-01
1.104492187500000000e+00
-2.226562500000000000e+00
-6.791992187500000000e-01
-5.732421875000000000e-01
8.447265625000000000e-01
-1.000976562500000000e+00
2.083984375000000000e+00
-1.724609375000000000e+00
-7.543945312500000000e-01
-6.370544433593750000e-03
1.584472656250000000e-01
-6.401367187500000000e-01
5.944824218750000000e-02
3.073730468750000000e-01
-8.461914062500000000e-01
-9.013671875000000000e-01
-1.716796875000000000e+00
-6.596679687500000000e-01
1.011718750000000000e+00
-1.633789062500000000e+00
-6.176757812500000000e-01
-2.573242187500000000e-01
-1.880859375000000000e+00
2.287109375000000000e+00
7.534179687500000000e-01
-3.901367187500000000e-01
-4.645996093750000000e-01
-1.530273437500000000e+00
-2.251953125000000000e+00
-1.820312500000000000e+00
-1.303710937500000000e+00
8.432617187500000000e-01
4.748535156250000000e-01
-1.456298828125000000e-01
9.707031250000000000e-01
1.046875000000000000e+00
-2.478515625000000000e+00
9.301757812500000000e-01
1.553344726562500000e-02
-1.093750000000000000e+00
-4.829101562500000000e-01
1.810546875000000000e+00
-1.379882812500000000e+00
1.814453125000000000e+00
-6.264648437500000000e-01
7.495117187500000000e-01
-7.119140625000000000e-01
-3.833007812500000000e-01
1.138671875000000000e+00
1.138671875000000000e+00
-2.246093750000000000e+00
4.104003906250000000e-01
-6.196289062500000000e-01
-4.005432128906250000e-03
1.135742187500000000e+00
-9.770507812500000000e-01
-1.189453125000000000e+00
4.096679687500000000e-01
1.585937500000000000e+00
-5.839843750000000000e-01
-1.328125000000000000e-01
3.062500000000000000e+00
-1.020507812500000000e+00
-2.459716796875000000e-01
-5.507812500000000000e-01
-1.178710937500000000e+00
-2.169921875000000000e+00
-8.300781250000000000e-01
-1.744384765625000000e-01
1.119384765625000000e-01
-2.625000000000000000e+00
-2.052734375000000000e+00
5.092773437500000000e-01
-1.193359375000000000e+00
1.376953125000000000e+00
7.646484375000000000e-01
2.883300781250000000e-01
2.332031250000000000e+00
1.318359375000000000e+00
1.367187500000000000e+00
1.031250000000000000e+00
1.308593750000000000e+00
-8.183593750000000000e-01
1.077148437500000000e+00
2.291015625000000000e+00
-1.416015625000000000e+00
-7.016601562500000000e-01
-5.351562500000000000e-01
-5.971679687500000000e-01
-2.897949218750000000e-01
-1.409179687500000000e+00
1.656250000000000000e+00
-6.372070312500000000e-01
-9.970703125000000000e-01
-1.053710937500000000e+00
2.934570312500000000e-01
-1.818359375000000000e+00
-9.210205078125000000e-02
-1.835937500000000000e+00
8.032226562500000000e-02
-5.249023437500000000e-01
-2.640625000000000000e+00
-9.980468750000000000e-01
8.344726562500000000e-01
-3.830566406250000000e-01
-5.957031250000000000e-01
-8.593750000000000000e-01
-2.486572265625000000e-01
5.434570312500000000e-01
1.130371093750000000e-01
-9.257812500000000000e-01
3.151855468750000000e-01
-1.018554687500000000e+00
1.296875000000000000e+00
5.869140625000000000e-01
-9.501953125000000000e-01
-9.672851562500000000e-01
8.994140625000000000e-01
-5.596923828125000000e-02
1.155273437500000000e+00
4.228515625000000000e-01
-2.173828125000000000e+00
2.052734375000000000e+00
1.366210937500000000e+00
8.925781250000000000e-01
2.273437500000000000e+00
6.879882812500000000e-01
1.196289062500000000e-01
6.171875000000000000e-01
5.566406250000000000e-01
2.182617187500000000e-01
-8.212890625000000000e-01
7.397460937500000000e-01
1.008789062500000000e+00
4.128417968750000000e-01
-1.191711425781250000e-02
8.393554687500000000e-01
9.399414062500000000e-01
1.118164062500000000e+00
5.024414062500000000e-01
1.171875000000000000e+00
-9.466552734375000000e-02
3.376464843750000000e-01
8.647460937500000000e-01
2.191406250000000000e+00
3.267578125000000000e+00
-1.306152343750000000e-01
1.498046875000000000e+00
-2.173828125000000000e+00
6.440429687500000000e-01
-7.012939453125000000e-02
9.951171875000000000e-01
-2.677734375000000000e+00
-1.038085937500000000e+00
1.112304687500000000e+00
2.261718750000000000e+00
6.743164062500000000e-01
-2.505859375000000000e+00
-8.041992187500000000e-01
-3.177734375000000000e+00
-2.089843750000000000e+00
1.972656250000000000e-01
-7.592773437500000000e-01
3.178710937500000000e-01
5.439453125000000000e-01
9.445190429687500000e-03
-5.786132812500000000e-01
-2.622070312500000000e-01
-1.429443359375000000e-01
-6.277343750000000000e+00
9.443359375000000000e-01
5.063476562500000000e-01
-2.296142578125000000e-01
-7.373046875000000000e-01
1.145507812500000000e+00
1.373291015625000000e-01
1.025390625000000000e-01
9.575195312500000000e-01
1.750976562500000000e+00
-5.200195312500000000e-01
-2.177734375000000000e+00
1.887695312500000000e+00
-1.617431640625000000e-01
1.180419921875000000e-01
6.386718750000000000e+00
1.602783203125000000e-01
9.360351562500000000e-01
-1.109375000000000000e+00
-9.394531250000000000e-01
2.351379394531250000e-02
-5.498046875000000000e-01
-1.005859375000000000e+00
-1.856445312500000000e+00
-1.665039062500000000e-01
4.458007812500000000e-01
8.886718750000000000e-01
-8.198242187500000000e-01
-1.125000000000000000e+00
-2.751464843750000000e-01
4.592285156250000000e-01
-1.120117187500000000e+00
-7.416992187500000000e-01
-2.462890625000000000e+00
2.048828125000000000e+00
-5.019531250000000000e-01
9.584960937500000000e-01
4.172363281250000000e-01
3.820800781250000000e-01
-2.303466796875000000e-01
-1.768554687500000000e+00
6.083984375000000000e-01
-2.807617187500000000e-01
2.281250000000000000e+00
-1.247070312500000000e+00
-1.547851562500000000e+00
4.228515625000000000e-01
1.008789062500000000e+00
-4.791259765625000000e-02
-2.590332031250000000e-01
-3.129882812500000000e-01
-7.177734375000000000e-01
2.932128906250000000e-01
7.006835937500000000e-01
-1.625976562500000000e+00
-4.904785156250000000e-01
-1.173828125000000000e+00
3.129882812500000000e-01
-1.209960937500000000e+00
-1.168945312500000000e+00
2.423828125000000000e+00
-2.396240234375000000e-01
-9.291992187500000000e-01
-1.838867187500000000e+00
2.160156250000000000e+00
-1.590820312500000000e+00
4.128417968750000000e-01
-8.002929687500000000e-01
2.111328125000000000e+00
3.054687500000000000e+00
7.319335937500000000e-01
2.576171875000000000e+00
1.769531250000000000e+00
1.190429687500000000e+00
1.354492187500000000e+00
-1.557617187500000000e+00
2.779296875000000000e+00
7.241210937500000000e-01
-7.207031250000000000e-01
1.925659179687500000e-02
6.494140625000000000e-01
-7.607421875000000000e-01
-1.567382812500000000e+00
-2.519531250000000000e+00
-4.907226562500000000e-01
-1.100585937500000000e+00
7.622070312500000000e-01
1.695312500000000000e+00
1.095581054687500000e-01
4.748535156250000000e-01
2.285156250000000000e-01
-2.496093750000000000e+00
-1.225585937500000000e-01
-1.299804687500000000e+00
1.140625000000000000e+00
6.166992187500000000e-01
-2.897949218750000000e-01
5.478515625000000000e-01
3.029296875000000000e+00
8.696289062500000000e-01
8.510742187500000000e-01
-4.206542968750000000e-01
-6.318359375000000000e-01
1.799804687500000000e+00
-1.223144531250000000e-01
-1.681640625000000000e+00
2.932128906250000000e-01
-5.268554687500000000e-01
-1.254882812500000000e-01
-1.220703125000000000e+00
4.521484375000000000e-01
-5.009765625000000000e-01
1.262207031250000000e-01
-5.922851562500000000e-01
7.891845703125000000e-02
-1.213867187500000000e+00
5.024414062500000000e-01
1.055664062500000000e+00
-1.183593750000000000e+00
1.793945312500000000e+00
-8.427734375000000000e-01
-3.676757812500000000e-01
-3.414062500000000000e+00
2.457031250000000000e+00
-9.980468750000000000e-01
-9.838867187500000000e-01
6.347656250000000000e-01
1.724609375000000000e+00
8.701171875000000000e-01
6.088867187500000000e-01
1.022460937500000000e+00
-9.682617187500000000e-01
2.275390625000000000e+00
1.360351562500000000e+00
-2.929687500000000000e+00
6.645507812500000000e-01
-1.951171875000000000e+00
-1.166992187500000000e+00
1.659179687500000000e+00
1.435546875000000000e-01
-4.311523437500000000e-01
2.511718750000000000e+00
2.049560546875000000e-01
5.610351562500000000e-01
-5.737304687500000000e-02
-3.266601562500000000e-01
-1.256835937500000000e+00
-8.720703125000000000e-01
1.007812500000000000e+00
-1.243164062500000000e+00
1.589843750000000000e+00
1.399414062500000000e+00
-1.908203125000000000e+00
1.392578125000000000e+00
3.781738281250000000e-01
1.303710937500000000e+00
3.845214843750000000e-01
2.517578125000000000e+00
-3.498535156250000000e-01
-1.385742187500000000e+00
-1.430664062500000000e-01
-1.116210937500000000e+00
-1.335937500000000000e+00
-1.686523437500000000e+00
3.061523437500000000e-01
-1.375976562500000000e+00
6.289062500000000000e-01
3.813476562500000000e-01
-1.429687500000000000e+00
-5.532226562500000000e-01
-7.132812500000000000e+00
-1.741210937500000000e+00
1.530273437500000000e+00
1.393554687500000000e+00
4.804687500000000000e-01
2.744140625000000000e-01
-6.909179687500000000e-01
2.503906250000000000e+00
-4.016113281250000000e-01
1.837890625000000000e+00
1.651367187500000000e+00
6.185913085937500000e-02
2.678222656250000000e-01
-9.218750000000000000e-01
-3.421020507812500000e-02
2.488281250000000000e+00
1.937500000000000000e+00
1.897460937500000000e+00
-1.570312500000000000e+00
3.820312500000000000e+00
5.507812500000000000e-01
2.910156250000000000e-01
8.896484375000000000e-01
4.222656250000000000e+00
6.425781250000000000e-01
-2.934570312500000000e-01
2.014160156250000000e-02
-9.526367187500000000e-01
-2.398437500000000000e+00
8.476562500000000000e-01
-2.238281250000000000e+00
-9.770507812500000000e-01
-5.761718750000000000e-01
3.613281250000000000e-01
1.258087158203125000e-02
3.142578125000000000e+00
5.717773437500000000e-01
-1.453125000000000000e+00
1.741210937500000000e+00
-2.037109375000000000e+00
-5.869140625000000000e-01
-2.509765625000000000e+00
1.683349609375000000e-01
-1.484375000000000000e+00
-2.939453125000000000e-01
-1.844726562500000000e+00
5.922851562500000000e-01
3.063964843750000000e-01
-6.289062500000000000e-01
8.027343750000000000e-01
9.619140625000000000e-01
1.193359375000000000e+00
1.487304687500000000e+00
8.212890625000000000e-01
2.521972656250000000e-01
3.925781250000000000e+00
-1.637695312500000000e+00
3.564453125000000000e-01
-1.332031250000000000e+00
1.454101562500000000e+00
-2.521484375000000000e+00
-1.158203125000000000e+00
-4.251098632812500000e-02
2.866210937500000000e-01
1.807617187500000000e+00
-1.207031250000000000e+00
-4.709472656250000000e-01
1.458984375000000000e+00
5.634765625000000000e-01
-1.469726562500000000e+00
-2.193359375000000000e+00
3.062500000000000000e+00
9.466552734375000000e-02
-3.354492187500000000e-01
-3.967285156250000000e-01
-3.022460937500000000e-01
2.199218750000000000e+00
4.653930664062500000e-03
7.490234375000000000e-01
8.964843750000000000e-01
1.677734375000000000e+00
9.506835937500000000e-01
-8.657226562500000000e-01
5.693359375000000000e-01
-7.519531250000000000e-01
1.733398437500000000e-01
-2.039062500000000000e+00
1.876220703125000000e-01
1.025390625000000000e+00
7.158203125000000000e-01
-1.710205078125000000e-01
-2.700195312500000000e-01
-2.111328125000000000e+00
-1.683593750000000000e+00
1.407226562500000000e+00
1.600585937500000000e+00
5.206298828125000000e-02
5.698242187500000000e-01
3.273925781250000000e-01
-9.960937500000000000e-01
1.285156250000000000e+00
-4.826660156250000000e-01
4.902343750000000000e-01
8.632812500000000000e-01
-3.508300781250000000e-01
8.920898437500000000e-01
9.838867187500000000e-01
8.066406250000000000e-01
-1.470703125000000000e+00
-6.679687500000000000e-01
3.667968750000000000e+00
4.392089843750000000e-01
2.486572265625000000e-01
2.455078125000000000e+00
-7.830810546875000000e-02
9.130859375000000000e-01
-1.005859375000000000e-01
9.651184082031250000e-03
6.977539062500000000e-01
-6.577148437500000000e-01
2.675781250000000000e+00
-1.440429687500000000e+00
-4.965820312500000000e-01
