1.116210937500000000e+00
-4.362792968750000000e-01
-1.442382812500000000e+00
-1.567382812500000000e-01
-4.108886718750000000e-01
1.574707031250000000e-01
6.625976562500000000e-01
6.259765625000000000e-01
-5.200195312500000000e-01
4.958496093750000000e-01
8.989257812500000000e-01
-4.367675781250000000e-01
9.980468750000000000e-01
-4.330444335937500000e-02
5.605468750000000000e-01
8.154296875000000000e-01
-2.214843750000000000e+00
-1.605468750000000000e+00
3.317871093750000000e-01
6.005859375000000000e-01
-1.771484375000000000e+00
-7.412109375000000000e-01
9.287109375000000000e-01
6.708984375000000000e-01
-1.006835937500000000e+00
1.647460937500000000e+00
2.132812500000000000e+00
-2.797851562500000000e-01
9.218750000000000000e-01
1.439453125000000000e+00
-1.370117187500000000e+00
2.566406250000000000e+00
-1.845703125000000000e-01
5.361328125000000000e-01
1.200195312500000000e+00
2.675781250000000000e-01
-1.232421875000000000e+00
7.065429687500000000e-01
3.098144531250000000e-01
-3.361816406250000000e-01
-5.883789062500000000e-01
9.136962890625000000e-02
-1.744140625000000000e+00
5.561523437500000000e-01
-2.392578125000000000e-02
-7.929687500000000000e-01
-7.587890625000000000e-01
-4.333496093750000000e-01
-1.128540039062500000e-01
-1.337890625000000000e-01
4.038085937500000000e-01
-5.429687500000000000e-01
-4.371093750000000000e+00
-4.313964843750000000e-01
-4.406738281250000000e-01
-1.058593750000000000e+00
8.173828125000000000e-01
-1.754882812500000000e+00
2.606201171875000000e-02
-6.634521484375000000e-02
-1.906250000000000000e+00
-1.889648437500000000e-01
-7.843017578125000000e-02
2.321777343750000000e-01
2.052734375000000000e+00
-2.308593750000000000e+00
-1.676025390625000000e-01
1.235351562500000000e+00
-1.157226562500000000e+00
1.378906250000000000e+00
6.464843750000000000e-01
-8.461914062500000000e-01
1.262207031250000000e-01
-1.052734375000000000e+00
-1.321289062500000000e+00
-4.770507812500000000e-01
1.599121093750000000e-01
-1.528320312500000000e+00
-1.408691406250000000e-01
2.326171875000000000e+00
4.995727539062500000e-02
-2.347656250000000000e+00
6.005859375000000000e-01
1.951904296875000000e-01
2.078125000000000000e+00
1.898437500000000000e+00
2.197265625000000000e+00
-6.450195312500000000e-01
1.421875000000000000e+00
-1.330078125000000000e+00
4.992675781250000000e-01
1.596679687500000000e+00
-1.017578125000000000e+00
2.976562500000000000e+00
1.959228515625000000e-01
6.679687500000000000e-01
2.244140625000000000e+00
4.443359375000000000e-01
7.929687500000000000e-01
8.416175842285156250e-04
2.198486328125000000e-01
-2.339843750000000000e+00
-9.619140625000000000e-01
5.166015625000000000e-01
1.179687500000000000e+00
2.897949218750000000e-01
7.319335937500000000e-01
9.316406250000000000e-01
1.496582031250000000e-01
9.672851562500000000e-01
1.713867187500000000e+00
1.938476562500000000e+00
-1.035156250000000000e+00
5.732421875000000000e-01
-1.428710937500000000e+00
8.300781250000000000e-01
-2.050781250000000000e+00
1.783203125000000000e+00
7.905273437500000000e-01
2.574218750000000000e+00
1.600585937500000000e+00
1.970703125000000000e+00
-6.323242187500000000e-01
2.412109375000000000e+00
-7.421875000000000000e-01
1.021484375000000000e+00
1.945312500000000000e+00
-8.432617187500000000e-01
7.856445312500000000e-01
9.794921875000000000e-01
1.049194335937500000e-01
5.444335937500000000e-01
-3.444824218750000000e-01
-1.905273437500000000e+00
8.676757812500000000e-01
-1.471679687500000000e+00
1.010742187500000000e+00
-1.750976562500000000e+00
1.321289062500000000e+00
1.779296875000000000e+00
9.682617187500000000e-01
-6.606445312500000000e-01
-9.472656250000000000e-01
-1.697265625000000000e+00
-3.171386718750000000e-01
6.630859375000000000e-01
-3.070068359375000000e-02
5.595703125000000000e-01
5.170898437500000000e-01
5.800781250000000000e-01
-2.519531250000000000e+00
2.218017578125000000e-01
9.584960937500000000e-01
1.104492187500000000e+00
1.282226562500000000e+00
1.012695312500000000e+00
9.453125000000000000e-01
9.511718750000000000e-01
-4.904785156250000000e-01
-1.316406250000000000e+00
6.347656250000000000e-01
-3.278808593750000000e-01
1.463623046875000000e-01
-1.055664062500000000e+00
3.039550781250000000e-01
1.047851562500000000e+00
-2.062500000000000000e+00
1.081054687500000000e+00
1.658203125000000000e+00
9.111328125000000000e-01
-1.167602539062500000e-01
3.935546875000000000e-01
-5.644531250000000000e-01
-1.545898437500000000e+00
1.920166015625000000e-01
7.949218750000000000e-01
4.157714843750000000e-01
-3.775024414062500000e-02
-3.251953125000000000e-01
-1.569335937500000000e+00
1.220703125000000000e+00
3.366699218750000000e-01
1.990234375000000000e+00
7.973632812500000000e-01
1.631835937500000000e+00
2.597656250000000000e-01
1.542968750000000000e-01
-1.697998046875000000e-01
-2.426757812500000000e-01
3.129882812500000000e-01
3.212890625000000000e-01
-1.462890625000000000e+00
-5.512695312500000000e-01
-6.840820312500000000e-01
-1.242187500000000000e+00
1.456054687500000000e+00
5.068359375000000000e-01
-2.126464843750000000e-01
-1.583984375000000000e+00
7.041015625000000000e-01
-1.082031250000000000e+00
-4.973144531250000000e-01
-8.925781250000000000e-01
7.978515625000000000e-01
-4.724121093750000000e-01
7.768554687500000000e-01
-1.237304687500000000e+00
8.477783203125000000e-02
-3.691406250000000000e-01
4.172363281250000000e-01
-9.375000000000000000e-01
-3.395996093750000000e-01
-1.938476562500000000e+00
6.333007812500000000e-01
-7.568359375000000000e-01
-9.008789062500000000e-01
1.487304687500000000e+00
-4.960937500000000000e-01
-4.912109375000000000e-01
2.221679687500000000e-01
1.785156250000000000e+00
1.101562500000000000e+00
1.581054687500000000e+00
-3.304687500000000000e+00
-3.059082031250000000e-01
-1.027343750000000000e+00
-3.132324218750000000e-01
1.131835937500000000e+00
-1.153320312500000000e+00
1.387939453125000000e-01
-4.917968750000000000e+00
-6.215820312500000000e-01
-1.073242187500000000e+00
-2.191406250000000000e+00
2.121582031250000000e-01
-1.522460937500000000e+00
-6.921386718750000000e-02
-1.212768554687500000e-01
4.909667968750000000e-01
1.979492187500000000e+00
1.386718750000000000e-01
6.528320312500000000e-01
-4.516601562500000000e-01
-2.826171875000000000e+00
-2.132812500000000000e+00
3.192138671875000000e-02
-1.651367187500000000e+00
-3.439453125000000000e+00
-7.675781250000000000e-01
-3.779296875000000000e-01
-1.551757812500000000e+00
8.979492187500000000e-01
1.101562500000000000e+00
-5.498046875000000000e-01
-3.676757812500000000e-01
5.087890625000000000e-01
-1.519531250000000000e+00
-7.329101562500000000e-01
-6.962890625000000000e-01
-1.927490234375000000e-01
5.351562500000000000e-01
-8.062744140625000000e-02
1.458007812500000000e+00
-9.653320312500000000e-01
-6.728515625000000000e-01
7.075195312500000000e-01
-1.582031250000000000e-01
-1.115234375000000000e+00
-1.698242187500000000e+00
2.971191406250000000e-01
6.933593750000000000e-01
-8.978271484375000000e-02
4.772949218750000000e-01
-2.912597656250000000e-01
1.226806640625000000e-01
1.204101562500000000e+00
-4.724121093750000000e-01
2.242187500000000000e+00
-8.701171875000000000e-01
-8.486328125000000000e-01
2.039794921875000000e-01
2.353515625000000000e-01
-1.410156250000000000e+00
3.364257812500000000e-01
-2.291015625000000000e+00
3.737792968750000000e-01
-1.069335937500000000e+00
6.030273437500000000e-01
-4.360961914062500000e-02
4.553222656250000000e-01
-7.416992187500000000e-01
-4.816894531250000000e-01
1.135742187500000000e+00
9.926757812500000000e-01
-1.701171875000000000e+00
-7.592773437500000000e-02
2.602539062500000000e-01
-2.162109375000000000e+00
-1.523437500000000000e+00
-3.693847656250000000e-01
-4.595947265625000000e-02
-1.604492187500000000e+00
2.006835937500000000e-01
-2.622070312500000000e-01
-7.275390625000000000e-02
9.951171875000000000e-01
9.289550781250000000e-02
-1.227539062500000000e+00
6.386718750000000000e-01
-2.400207519531250000e-02
9.428710937500000000e-01
2.120971679687500000e-02
1.341552734375000000e-01
9.228515625000000000e-02
-2.205810546875000000e-01
1.436523437500000000e+00
2.088623046875000000e-01
-2.896484375000000000e+00
-4.922485351562500000e-02
1.689453125000000000e+00
-3.935546875000000000e-01
-8.984375000000000000e-02
4.140625000000000000e-01
-1.915283203125000000e-01
8.662109375000000000e-01
2.466796875000000000e+00
1.877441406250000000e-01
-1.119140625000000000e+00
-3.173828125000000000e-01
-1.809570312500000000e+00
-1.269531250000000000e-01
3.371582031250000000e-01
-1.593017578125000000e-01
3.383789062500000000e-01
-6.137695312500000000e-01
-2.692871093750000000e-01
3.029785156250000000e-01
6.206054687500000000e-01
1.925781250000000000e+00
-1.517578125000000000e+00
9.545898437500000000e-01
-3.869628906250000000e-01
2.191406250000000000e+00
-1.090820312500000000e+00
-8.331298828125000000e-02
-2.885742187500000000e-01
-1.244140625000000000e+00
9.614257812500000000e-01
1.380859375000000000e+00
-4.912109375000000000e-01
-4.841308593750000000e-01
-5.546875000000000000e-01
1.481445312500000000e+00
2.166015625000000000e+00
-1.469726562500000000e-01
4.086914062500000000e-01
1.378906250000000000e+00
1.091796875000000000e+00
-1.030273437500000000e+00
-6.640625000000000000e-01
1.118164062500000000e+00
5.795898437500000000e-01
-5.942382812500000000e-01
-1.377929687500000000e+00
1.031250000000000000e+00
2.235107421875000000e-01
-1.036132812500000000e+00
-1.374023437500000000e+00
7.968750000000000000e-01
5.517578125000000000e-01
7.089843750000000000e-01
2.712402343750000000e-01
-9.184570312500000000e-01
-1.328125000000000000e+00
-7.670898437500000000e-01
6.665039062500000000e-01
2.254638671875000000e-01
4.077911376953125000e-03
6.552734375000000000e-01
-6.806640625000000000e-01
-1.298828125000000000e+00
1.016601562500000000e+00
1.331054687500000000e+00
-4.104003906250000000e-01
-9.936523437500000000e-01
-1.829101562500000000e+00
8.627929687500000000e-01
1.840820312500000000e-01
-6.245117187500000000e-01
1.272460937500000000e+00
-8.193359375000000000e-01
-2.044921875000000000e+00
3.475952148437500000e-02
1.188476562500000000e+00
-1.327148437500000000e+00
-1.174804687500000000e+00
-5.732421875000000000e-01
-1.647949218750000000e-01
-3.695678710937500000e-02
7.675781250000000000e+00
-2.160156250000000000e+00
4.031372070312500000e-02
6.381835937500000000e-01
-1.152343750000000000e+00
4.760742187500000000e-01
1.184082031250000000e-02
-1.895751953125000000e-01
2.331542968750000000e-01
-9.516601562500000000e-01
-2.613281250000000000e+00
4.299926757812500000e-02
-1.762695312500000000e-01
2.919921875000000000e-01
-1.595458984375000000e-01
-1.209960937500000000e+00
-2.457275390625000000e-01
6.923828125000000000e-01
4.001464843750000000e-01
6.914062500000000000e-01
1.033203125000000000e+00
-1.274414062500000000e+00
1.723632812500000000e+00
5.649414062500000000e-01
-3.503417968750000000e-01
-2.404296875000000000e+00
-5.966796875000000000e-01
1.731445312500000000e+00
5.957031250000000000e-01
8.710937500000000000e-01
-9.931640625000000000e-01
1.105468750000000000e+00
1.091796875000000000e+00
4.658203125000000000e-01
2.490234375000000000e+00
1.417968750000000000e+00
1.593750000000000000e+00
-4.094238281250000000e-01
-8.935546875000000000e-02
-1.116210937500000000e+00
5.146484375000000000e-01
-1.211547851562500000e-01
-2.171630859375000000e-01
1.648437500000000000e+00
1.436523437500000000e+00
8.115234375000000000e-01
-5.151367187500000000e-02
1.072265625000000000e+00
1.180664062500000000e+00
-7.128906250000000000e-02
-2.895507812500000000e-01
9.042968750000000000e-01
1.337890625000000000e+00
-9.063720703125000000e-03
-2.473144531250000000e-01
-3.452148437500000000e-01
-4.208374023437500000e-02
-3.403320312500000000e-01
2.937011718750000000e-01
-2.839355468750000000e-01
-3.468750000000000000e+00
6.118164062500000000e-01
-8.515625000000000000e-01
1.415039062500000000e+00
2.828125000000000000e+00
9.072265625000000000e-01
-3.039550781250000000e-01
-1.101562500000000000e+00
-4.399414062500000000e-01
7.421875000000000000e-01
-7.553710937500000000e-01
-8.095703125000000000e-01
-1.352539062500000000e-01
4.357910156250000000e-01
1.478515625000000000e+00
-7.299804687500000000e-01
8.270263671875000000e-02
1.467773437500000000e+00
-2.197265625000000000e+00
-2.404785156250000000e-01
-1.535156250000000000e+00
1.510742187500000000e+00
-8.481445312500000000e-01
-1.732421875000000000e+00
3.225097656250000000e-01
-5.820312500000000000e-01
1.600585937500000000e+00
1.178710937500000000e+00
5.541992187500000000e-01
8.955078125000000000e-01
5.688476562500000000e-01
4.897460937500000000e-01
1.750000000000000000e+00
-7.104492187500000000e-01
-2.790527343750000000e-01
2.232666015625000000e-01
4.830932617187500000e-02
-2.056640625000000000e+00
2.279296875000000000e+00
1.090698242187500000e-01
5.668945312500000000e-01
1.816406250000000000e+00
1.170898437500000000e+00
-9.028320312500000000e-01
7.153320312500000000e-01
4.943847656250000000e-01
-1.466064453125000000e-01
2.926635742187500000e-02
7.812500000000000000e-01
1.411132812500000000e-01
6.411132812500000000e-01
5.676269531250000000e-03
1.541992187500000000e+00
-1.038208007812500000e-01
8.007812500000000000e-01
-6.791992187500000000e-01
2.966308593750000000e-01
-4.946899414062500000e-02
6.933593750000000000e-01
-8.076171875000000000e-01
1.164062500000000000e+00
-9.072265625000000000e-01
3.664550781250000000e-01
-7.501220703125000000e-02
1.083984375000000000e+00
5.507812500000000000e-01
-9.418945312500000000e-01
2.790527343750000000e-01
5.097656250000000000e-01
-1.599121093750000000e-01
6.171875000000000000e-01
1.334960937500000000e+00
-1.163085937500000000e+00
-6.342773437500000000e-01
2.582031250000000000e+00
-1.192382812500000000e+00
-9.765625000000000000e-01
-8.779296875000000000e-01
9.570312500000000000e-01
-1.668945312500000000e+00
2.641601562500000000e-01
9.140625000000000000e-01
2.724609375000000000e-01
-6.303710937500000000e-01
-2.604980468750000000e-01
1.723632812500000000e-01
-2.216796875000000000e+00
-6.528320312500000000e-01
-9.020996093750000000e-02
-1.514892578125000000e-01
1.779296875000000000e+00
1.408691406250000000e-01
6.904296875000000000e-01
3.381347656250000000e-01
6.147460937500000000e-01
-9.072265625000000000e-01
1.576171875000000000e+00
-5.273437500000000000e-01
5.312500000000000000e-01
-1.203002929687500000e-01
-1.369140625000000000e+00
2.093750000000000000e+00
1.855468750000000000e+00
3.308105468750000000e-01
-4.147949218750000000e-01
-1.832031250000000000e+00
5.849609375000000000e-01
-1.320312500000000000e+00
-1.214843750000000000e+00
5.224609375000000000e-01
4.499511718750000000e-01
2.208251953125000000e-01
1.982421875000000000e+00
-1.058349609375000000e-01
-9.873046875000000000e-01
-7.446289062500000000e-02
-5.893554687500000000e-01
-8.129882812500000000e-01
-1.202148437500000000e+00
2.680664062500000000e-01
-9.609375000000000000e-01
4.912109375000000000e-01
7.070312500000000000e-01
3.688964843750000000e-01
-6.811523437500000000e-01
-1.570312500000000000e+00
-1.215820312500000000e+00
4.897460937500000000e-01
-9.804687500000000000e-01
6.787109375000000000e-01
2.829589843750000000e-01
-1.567382812500000000e+00
6.010742187500000000e-01
-1.780273437500000000e+00
-1.899414062500000000e+00
1.544921875000000000e+00
1.775390625000000000e+00
-8.212890625000000000e-01
1.188476562500000000e+00
-1.160156250000000000e+00
8.056640625000000000e-02
3.566894531250000000e-01
-1.107788085937500000e-02
-8.940429687500000000e-01
7.192382812500000000e-01
-1.071289062500000000e+00
2.376953125000000000e+00
-2.248535156250000000e-01
7.709960937500000000e-01
6.744384765625000000e-02
8.947753906250000000e-02
1.039062500000000000e+00
-3.255859375000000000e+00
3.857421875000000000e-01
3.356933593750000000e-01
1.370849609375000000e-01
-1.326904296875000000e-01
-6.694335937500000000e-01
1.311523437500000000e+00
9.770507812500000000e-01
2.984375000000000000e+00
1.195312500000000000e+00
-1.053710937500000000e+00
-6.108398437500000000e-01
1.119995117187500000e-01
1.364257812500000000e+00
-8.168945312500000000e-01
6.939697265625000000e-02
-3.400878906250000000e-01
-6.367187500000000000e-01
3.154296875000000000e-01
-2.019531250000000000e+00
-2.713012695312500000e-02
1.568603515625000000e-01
8.168945312500000000e-01
-1.382812500000000000e+00
-1.838867187500000000e+00
-1.238281250000000000e+00
1.949462890625000000e-01
5.917968750000000000e-01
6.870117187500000000e-01
1.975097656250000000e-01
2.272949218750000000e-01
1.223754882812500000e-01
2.695312500000000000e-01
1.883544921875000000e-01
1.227539062500000000e+00
2.015380859375000000e-01
8.588867187500000000e-01
5.820312500000000000e-01
-1.510620117187500000e-02
1.338867187500000000e+00
1.514648437500000000e+00
-1.919921875000000000e+00
4.743652343750000000e-01
-3.398437500000000000e-01
-2.207031250000000000e+00
-3.605957031250000000e-01
-1.888671875000000000e+00
6.103515625000000000e-01
6.072998046875000000e-02
-6.635742187500000000e-01
-4.790039062500000000e-01
9.521484375000000000e-01
-3.127441406250000000e-01
-1.192382812500000000e+00
2.485351562500000000e-01
3.745117187500000000e-01
5.454101562500000000e-01
1.588867187500000000e+00
-2.893066406250000000e-01
6.225585937500000000e-01
4.672851562500000000e-01
6.962890625000000000e-01
-1.740722656250000000e-01
-1.478515625000000000e+00
1.978759765625000000e-01
8.662109375000000000e-01
-1.481445312500000000e+00
1.857421875000000000e+00
4.977416992187500000e-02
-4.877929687500000000e-01
-6.402587890625000000e-02
1.922607421875000000e-01
-5.400390625000000000e-01
1.637695312500000000e+00
1.060546875000000000e+00
-1.531250000000000000e+00
3.320312500000000000e-01
-1.872558593750000000e-01
1.892578125000000000e+00
-3.176269531250000000e-01
1.097656250000000000e+00
6.127929687500000000e-01
3.061523437500000000e-01
4.162597656250000000e-01
1.014648437500000000e+00
-9.335937500000000000e-01
1.594726562500000000e+00
1.541015625000000000e+00
2.878417968750000000e-01
-4.815673828125000000e-02
5.942382812500000000e-01
-1.349609375000000000e+00
1.101562500000000000e+00
7.031250000000000000e-01
4.037475585937500000e-02
-3.177734375000000000e+00
-5.488281250000000000e-01
-6.538085937500000000e-01
-1.787109375000000000e+00
3.488769531250000000e-01
-1.433593750000000000e+00
-2.373046875000000000e+00
-3.837890625000000000e-01
-7.929687500000000000e-01
-3.679687500000000000e+00
-1.491210937500000000e+00
2.076171875000000000e+00
6.450195312500000000e-01
-9.760742187500000000e-01
-8.759765625000000000e-01
2.068359375000000000e+00
-1.496582031250000000e-01
1.498046875000000000e+00
-1.722656250000000000e+00
5.371093750000000000e-01
2.622070312500000000e-01
4.601562500000000000e+00
1.311523437500000000e+00
-4.096679687500000000e-01
2.117187500000000000e+00
-3.334045410156250000e-03
-4.702148437500000000e-01
-1.328125000000000000e+00
1.820312500000000000e+00
2.110595703125000000e-01
2.587890625000000000e-01
2.587890625000000000e+00
1.251220703125000000e-01
-1.334960937500000000e+00
6.518554687500000000e-01
1.092529296875000000e-01
4.521484375000000000e-01
8.500976562500000000e-01
-7.036132812500000000e-01
-6.704101562500000000e-01
7.003906250000000000e+00
-2.435302734375000000e-01
7.653808593750000000e-02
-9.331054687500000000e-01
-6.621093750000000000e-01
-3.090820312500000000e-01
8.320312500000000000e-01
5.572509765625000000e-02
-2.242187500000000000e+00
4.763183593750000000e-01
5.527343750000000000e-01
7.719726562500000000e-01
5.083007812500000000e-01
-2.152099609375000000e-01
7.348632812500000000e-01
7.592773437500000000e-01
9.873046875000000000e-01
1.041015625000000000e+00
2.746582031250000000e-02
1.570312500000000000e+00
3.964843750000000000e-01
1.448974609375000000e-01
1.662597656250000000e-01
1.083007812500000000e+00
4.741210937500000000e-01
-9.594726562500000000e-01
-6.206054687500000000e-01
-1.831054687500000000e+00
1.337890625000000000e+00
-7.397460937500000000e-01
9.516601562500000000e-01
-1.942382812500000000e+00
1.719726562500000000e+00
1.170898437500000000e+00
-1.625976562500000000e+00
-1.094726562500000000e+00
2.561035156250000000e-01
-1.053710937500000000e+00
1.010742187500000000e+00
-1.009765625000000000e+00
1.213867187500000000e+00
9.438476562500000000e-01
-1.287109375000000000e+00
-3.000000000000000000e+00
-2.746582031250000000e-01
-3.369140625000000000e-01
-7.934570312500000000e-01
8.068847656250000000e-02
1.101562500000000000e+00
1.123046875000000000e+00
-1.481933593750000000e-01
-5.073242187500000000e-01
1.576171875000000000e+00
1.211914062500000000e+00
3.608398437500000000e-01
4.172363281250000000e-01
-4.467773437500000000e-01
1.063476562500000000e+00
-1.959228515625000000e-01
1.118774414062500000e-01
4.077148437500000000e-01
4.672851562500000000e-01
1.630859375000000000e+00
5.302734375000000000e-01
5.717773437500000000e-01
-1.109375000000000000e+00
1.103515625000000000e+00
-5.532226562500000000e-01
-1.449218750000000000e+00
3.161621093750000000e-01
-7.031250000000000000e-01
1.225585937500000000e+00
8.369140625000000000e-01
-1.340820312500000000e+00
1.859130859375000000e-01
-3.554687500000000000e-01
-2.346191406250000000e-01
9.051513671875000000e-02
-1.819335937500000000e+00
9.213867187500000000e-01
2.164062500000000000e+00
-1.740234375000000000e+00
1.043701171875000000e-01
1.308593750000000000e+00
-2.338867187500000000e-01
8.608398437500000000e-01
-7.065429687500000000e-01
-3.081054687500000000e-01
2.092285156250000000e-01
4.208984375000000000e-01
1.302734375000000000e+00
-1.000976562500000000e+00
-4.123535156250000000e-01
-8.266601562500000000e-01
-6.687164306640625000e-03
-1.594726562500000000e+00
3.413085937500000000e-01
-1.165161132812500000e-01
1.345703125000000000e+00
2.346191406250000000e-01
-1.751953125000000000e+00
-1.487304687500000000e+00
-7.739257812500000000e-02
1.404296875000000000e+00
-1.975097656250000000e-01
-6.821289062500000000e-01
5.209960937500000000e-01
-3.828125000000000000e+00
1.718750000000000000e+00
-8.588867187500000000e-01
-2.585449218750000000e-01
-1.266601562500000000e+00
2.797851562500000000e-01
1.062500000000000000e+00
-4.301757812500000000e-01
-5.419921875000000000e-01
5.375976562500000000e-01
-5.205078125000000000e-01
-8.085937500000000000e-01
-5.757812500000000000e+00
2.746582031250000000e-01
-1.326171875000000000e+00
3.215332031250000000e-01
1.733398437500000000e-01
-2.183593750000000000e+00
-1.022460937500000000e+00
-9.462890625000000000e-01
7.067871093750000000e-02
-2.330322265625000000e-01
-5.971679687500000000e-01
2.990722656250000000e-01
9.501953125000000000e-01
-1.545898437500000000e+00
-1.550781250000000000e+00
-1.191406250000000000e+00
5.914306640625000000e-02
4.392089843750000000e-01
-5.830078125000000000e-01
7.403564453125000000e-02
3.312988281250000000e-01
1.988220214843750000e-02
6.945800781250000000e-02
1.512695312500000000e+00
-7.636718750000000000e-01
3.178710937500000000e-01
-5.136718750000000000e-01
-2.253906250000000000e+00
-1.465820312500000000e+00
4.689941406250000000e-01
-4.042968750000000000e-01
-9.414062500000000000e-01
-4.594726562500000000e-01
-1.084960937500000000e+00
-7.929687500000000000e-01
-1.290283203125000000e-01
-8.015625000000000000e+00
-3.950195312500000000e-01
-2.167968750000000000e-01
1.194335937500000000e+00
-1.472167968750000000e-01
6.386718750000000000e-01
8.071289062500000000e-01
1.097656250000000000e+00
-3.703613281250000000e-01
1.302734375000000000e+00
-4.804687500000000000e-01
2.283203125000000000e+00
7.822265625000000000e-01
-1.932617187500000000e+00
-1.072265625000000000e+00
-9.711914062500000000e-01
-8.813476562500000000e-01
1.255859375000000000e+00
6.034851074218750000e-03
1.666992187500000000e+00
-7.402343750000000000e-01
8.295898437500000000e-01
-3.100585937500000000e-01
5.537109375000000000e-01
-1.117187500000000000e+00
1.063476562500000000e+00
6.733398437500000000e-01
-8.564453125000000000e-01
-4.046875000000000000e+00
-2.546386718750000000e-01
-8.730468750000000000e-01
9.243164062500000000e-01
-6.235351562500000000e-01
3.955078125000000000e-01
5.146484375000000000e-01
2.880859375000000000e-01
1.265869140625000000e-01
9.404296875000000000e-01
4.333496093750000000e-01
2.397460937500000000e-01
-6.987304687500000000e-01
-6.293945312500000000e-01
1.860351562500000000e-01
-6.992187500000000000e-01
-1.089477539062500000e-01
1.288085937500000000e+00
-5.766601562500000000e-01
-9.350585937500000000e-01
8.203125000000000000e-02
-1.532226562500000000e+00
-1.766967773437500000e-02
-2.247314453125000000e-01
-4.794921875000000000e-01
5.571289062500000000e-01
1.441406250000000000e+00
3.416015625000000000e+00
-3.825683593750000000e-01
-6.464843750000000000e-01
-2.156250000000000000e+00
9.651184082031250000e-04
-1.535156250000000000e+00
1.423828125000000000e+00
-9.233398437500000000e-01
1.028320312500000000e+00
-1.801757812500000000e+00
-3.571777343750000000e-01
-8.295898437500000000e-01
-1.273193359375000000e-01
5.107421875000000000e-01
-6.269531250000000000e-01
6.185913085937500000e-02
1.140625000000000000e+00
-2.070312500000000000e-01
1.211914062500000000e+00
1.881103515625000000e-01
1.057617187500000000e+00
2.126953125000000000e+00
1.315429687500000000e+00
-7.656250000000000000e-01
1.132812500000000000e+00
5.112304687500000000e-01
-1.813476562500000000e+00
-2.917968750000000000e+00
-7.016601562500000000e-01
2.193359375000000000e+00
8.364257812500000000e-01
-1.403320312500000000e+00
-5.751953125000000000e-01
2.767578125000000000e+00
-1.807617187500000000e+00
-1.366210937500000000e+00
-5.253906250000000000e-01
1.535644531250000000e-01
4.897460937500000000e-01
-4.321289062500000000e-01
-1.796875000000000000e-01
-1.134765625000000000e+00
7.592773437500000000e-01
2.000000000000000000e+00
-1.956787109375000000e-01
-7.158203125000000000e-01
-1.990234375000000000e+00
-5.200195312500000000e-01
2.709960937500000000e-01
9.995117187500000000e-01
-1.254882812500000000e+00
1.605468750000000000e+00
-1.591796875000000000e-01
1.905273437500000000e+00
-8.227539062500000000e-01
-8.017578125000000000e-01
6.875000000000000000e-01
9.458007812500000000e-01
3.586425781250000000e-01
-3.188476562500000000e-01
1.568359375000000000e+00
1.900390625000000000e+00
-5.378723144531250000e-03
6.953125000000000000e-01
1.026367187500000000e+00
6.069335937500000000e-01
5.942382812500000000e-01
2.617187500000000000e-01
