-1.017578125000000000e+00
-1.326171875000000000e+00
-2.939453125000000000e-01
1.213867187500000000e+00
-1.255859375000000000e+00
1.909179687500000000e+00
3.671875000000000000e-01
2.088623046875000000e-01
2.626953125000000000e-01
-1.062500000000000000e+00
1.277343750000000000e+00
1.674804687500000000e+00
1.339843750000000000e+00
1.463867187500000000e+00
1.022949218750000000e-01
7.534179687500000000e-01
-1.490234375000000000e+00
-3.408203125000000000e+00
-3.757324218750000000e-01
1.072265625000000000e+00
-1.439453125000000000e+00
3.339843750000000000e-01
-1.449218750000000000e+00
1.213867187500000000e+00
1.463867187500000000e+00
4.238281250000000000e-01
1.874023437500000000e+00
-1.932373046875000000e-01
-3.239746093750000000e-01
-3.312988281250000000e-01
4.301757812500000000e-01
-1.037597656250000000e-02
1.365234375000000000e+00
3.281250000000000000e-01
-1.875000000000000000e+00
1.599121093750000000e-01
2.482910156250000000e-01
-2.167968750000000000e-01
-3.764648437500000000e-01
-5.698242187500000000e-01
-1.682128906250000000e-01
1.874023437500000000e+00
4.328613281250000000e-01
1.370239257812500000e-02
-1.366210937500000000e+00
8.466796875000000000e-01
1.861572265625000000e-01
1.189453125000000000e+00
1.657714843750000000e-01
1.839843750000000000e+00
-7.133789062500000000e-01
-2.222900390625000000e-01
-3.376953125000000000e+00
-1.478271484375000000e-01
3.918457031250000000e-01
1.096679687500000000e+00
-1.355468750000000000e+00
1.269531250000000000e-01
5.219726562500000000e-01
9.257812500000000000e-01
-1.847656250000000000e+00
-2.548828125000000000e+00
-1.218750000000000000e+00
-1.115722656250000000e-01
3.820312500000000000e+00
-4.449218750000000000e+00
-8.710937500000000000e-01
-4.025268554687500000e-02
-1.796875000000000000e+00
2.595214843750000000e-01
1.102539062500000000e+00
1.781005859375000000e-01
1.458007812500000000e+00
-2.080078125000000000e+00
1.416992187500000000e+00
-8.681640625000000000e-01
8.027343750000000000e-01
-6.513671875000000000e-01
8.139648437500000000e-01
1.247070312500000000e+00
-2.029296875000000000e+00
-1.563476562500000000e+00
-2.558898925781250000e-02
1.017578125000000000e+00
1.819335937500000000e+00
-2.412109375000000000e+00
-1.202148437500000000e+00
-1.964843750000000000e+00
-1.485351562500000000e+00
1.307373046875000000e-01
1.336914062500000000e+00
1.179687500000000000e+00
-2.130859375000000000e+00
-1.380859375000000000e+00
-9.736328125000000000e-01
-2.169921875000000000e+00
-2.078125000000000000e+00
1.425781250000000000e+00
-3.591308593750000000e-01
8.862304687500000000e-01
-3.427734375000000000e-01
2.126953125000000000e+00
1.713867187500000000e+00
3.356933593750000000e-01
1.743164062500000000e+00
-1.461914062500000000e+00
2.988281250000000000e-01
4.373168945312500000e-02
9.316406250000000000e-01
2.894531250000000000e+00
6.538085937500000000e-01
2.675781250000000000e+00
4.201660156250000000e-01
2.536621093750000000e-01
1.375732421875000000e-01
-1.429687500000000000e+00
1.031250000000000000e+00
-1.504882812500000000e+00
7.709960937500000000e-01
6.855468750000000000e-01
-5.239257812500000000e-01
-4.025878906250000000e-01
-1.905273437500000000e+00
5.913085937500000000e-01
1.216796875000000000e+00
-1.237792968750000000e-01
2.212890625000000000e+00
7.526397705078125000e-03
4.187011718750000000e-01
-1.593017578125000000e-01
7.553710937500000000e-01
-1.486328125000000000e+00
3.298339843750000000e-01
-2.073974609375000000e-01
6.000976562500000000e-01
1.075195312500000000e+00
6.284179687500000000e-01
1.831054687500000000e+00
2.820312500000000000e+00
4.195312500000000000e+00
-1.235351562500000000e+00
5.249023437500000000e-01
-6.362304687500000000e-01
1.109375000000000000e+00
-1.606445312500000000e+00
-3.178710937500000000e-01
5.746459960937500000e-02
2.490234375000000000e+00
2.947265625000000000e+00
-1.082031250000000000e+00
-3.571777343750000000e-01
-2.756347656250000000e-01
1.016601562500000000e+00
1.791015625000000000e+00
1.028442382812500000e-02
1.350097656250000000e-01
-6.317138671875000000e-02
-2.345703125000000000e+00
1.007812500000000000e+00
-1.567382812500000000e+00
2.670898437500000000e-01
-4.729003906250000000e-01
3.220703125000000000e+00
-1.547851562500000000e-01
-1.708007812500000000e+00
1.562500000000000000e+00
1.204101562500000000e+00
-1.165039062500000000e+00
1.663085937500000000e+00
3.747558593750000000e-01
-1.375579833984375000e-02
-8.017578125000000000e-01
-2.408203125000000000e+00
-7.480468750000000000e-01
1.390625000000000000e+00
4.345703125000000000e-01
-1.249023437500000000e+00
-1.051757812500000000e+00
-5.527343750000000000e-01
-5.073242187500000000e-01
6.538085937500000000e-01
3.765869140625000000e-02
1.501464843750000000e-01
2.365234375000000000e+00
-2.213134765625000000e-01
1.422851562500000000e+00
-1.888427734375000000e-01
-1.311523437500000000e+00
1.266601562500000000e+00
2.285156250000000000e-01
1.437500000000000000e+00
-2.312011718750000000e-01
-8.789062500000000000e-01
6.381835937500000000e-01
-1.483398437500000000e+00
1.916992187500000000e+00
-7.543945312500000000e-01
9.462890625000000000e-01
1.693359375000000000e+00
9.877929687500000000e-01
1.734375000000000000e+00
8.608398437500000000e-01
-6.899414062500000000e-01
3.266601562500000000e-01
-9.477539062500000000e-01
1.525390625000000000e+00
-2.634765625000000000e+00
-5.170898437500000000e-01
9.506835937500000000e-01
8.090820312500000000e-01
1.218261718750000000e-01
2.072265625000000000e+00
-1.582031250000000000e+00
9.448242187500000000e-01
-7.873535156250000000e-03
1.989746093750000000e-01
5.136718750000000000e-01
-2.550781250000000000e+00
3.029785156250000000e-01
-9.750976562500000000e-01
-1.849365234375000000e-01
1.250000000000000000e+00
-3.889160156250000000e-01
4.722656250000000000e+00
-8.496093750000000000e-01
-2.117187500000000000e+00
1.482421875000000000e+00
-6.884765625000000000e-02
-2.220703125000000000e+00
2.622070312500000000e-01
-5.947265625000000000e-01
-2.117187500000000000e+00
-1.376953125000000000e+00
-2.710937500000000000e+00
7.989501953125000000e-02
-6.962890625000000000e-01
-1.927734375000000000e+00
1.154785156250000000e-01
1.021484375000000000e+00
2.978515625000000000e+00
4.760742187500000000e-01
1.723632812500000000e+00
-8.178710937500000000e-02
-2.601562500000000000e+00
-3.412109375000000000e+00
1.093750000000000000e+00
-1.574218750000000000e+00
-3.009765625000000000e+00
-9.702148437500000000e-01
-1.071289062500000000e+00
-5.791015625000000000e-01
-5.219726562500000000e-01
-2.985839843750000000e-01
3.356933593750000000e-01
2.802734375000000000e+00
-3.510742187500000000e-01
-2.413330078125000000e-01
3.298339843750000000e-01
8.730468750000000000e-01
-9.770507812500000000e-01
2.746582031250000000e-01
-1.581054687500000000e+00
2.125000000000000000e+00
-1.141601562500000000e+00
8.066406250000000000e-01
-2.200927734375000000e-01
2.536621093750000000e-01
3.277343750000000000e+00
-1.060546875000000000e+00
2.985839843750000000e-01
1.008789062500000000e+00
7.421875000000000000e+00
-9.262695312500000000e-01
-1.107788085937500000e-01
-1.096191406250000000e-01
-2.097656250000000000e+00
-5.929565429687500000e-02
1.454101562500000000e+00
-3.921508789062500000e-02
-2.281250000000000000e+00
-9.140625000000000000e-01
3.339843750000000000e-01
-1.495117187500000000e+00
-5.068359375000000000e-01
2.836914062500000000e-01
2.304687500000000000e-01
-1.454101562500000000e+00
2.292968750000000000e+00
5.337524414062500000e-02
-4.926757812500000000e-01
2.143859863281250000e-02
-6.860351562500000000e-01
1.606445312500000000e+00
3.532714843750000000e-01
2.423828125000000000e+00
-3.381347656250000000e-01
2.543945312500000000e-01
-4.804687500000000000e+00
-5.356445312500000000e-01
3.228515625000000000e+00
1.136718750000000000e+00
-2.533203125000000000e+00
8.330078125000000000e-01
-1.370849609375000000e-01
-2.697265625000000000e+00
-8.320312500000000000e-01
2.427978515625000000e-01
-1.162109375000000000e+00
3.173828125000000000e-02
-3.960937500000000000e+00
7.475585937500000000e-01
-1.104492187500000000e+00
2.386718750000000000e+00
1.220703125000000000e+00
-9.912109375000000000e-02
1.312500000000000000e+00
-1.469726562500000000e+00
-1.728515625000000000e+00
9.243164062500000000e-01
-1.614990234375000000e-01
-2.041015625000000000e+00
1.020507812500000000e+00
-2.105468750000000000e+00
-1.925781250000000000e+00
-4.150390625000000000e-01
1.472656250000000000e+00
1.058593750000000000e+00
-3.103027343750000000e-01
2.353515625000000000e+00
-4.223632812500000000e-01
-8.605957031250000000e-02
1.558593750000000000e+00
-1.926757812500000000e+00
2.072753906250000000e-01
-4.440917968750000000e-01
-1.921875000000000000e+00
-1.731445312500000000e+00
1.442382812500000000e+00
2.597656250000000000e+00
-1.570312500000000000e+00
-2.550781250000000000e+00
-6.176757812500000000e-01
2.834472656250000000e-01
-1.925781250000000000e+00
9.531250000000000000e-01
-1.097656250000000000e+00
-2.003173828125000000e-01
1.781250000000000000e+00
2.464843750000000000e+00
-7.861328125000000000e-01
2.074218750000000000e+00
1.582031250000000000e+00
8.056640625000000000e-01
1.636718750000000000e+00
2.808593750000000000e+00
3.474121093750000000e-01
-1.899414062500000000e+00
-2.541015625000000000e+00
2.543945312500000000e-01
-4.848632812500000000e-01
8.481445312500000000e-01
-8.232421875000000000e-01
6.704101562500000000e-01
5.947265625000000000e-01
1.194335937500000000e+00
8.337402343750000000e-02
-8.486328125000000000e-01
-1.970703125000000000e+00
-1.005859375000000000e+00
5.454101562500000000e-01
-3.093261718750000000e-01
2.484375000000000000e+00
-1.952148437500000000e+00
5.278320312500000000e-01
-2.066406250000000000e+00
3.411865234375000000e-02
-1.174804687500000000e+00
-8.432617187500000000e-01
-7.480468750000000000e-01
-1.399414062500000000e+00
1.944335937500000000e+00
-1.566406250000000000e+00
-9.223632812500000000e-01
-2.384033203125000000e-01
5.659179687500000000e-01
-1.352539062500000000e+00
9.345703125000000000e-01
5.927734375000000000e-01
9.877929687500000000e-01
-1.521484375000000000e+00
-1.043945312500000000e+00
-1.690429687500000000e+00
-3.667968750000000000e+00
-1.192382812500000000e+00
-9.921875000000000000e-01
-1.995849609375000000e-01
1.711914062500000000e+00
-1.649414062500000000e+00
1.288085937500000000e+00
-4.785156250000000000e+00
-1.954101562500000000e+00
2.136718750000000000e+00
1.974609375000000000e+00
3.764648437500000000e-01
7.910156250000000000e-02
2.494140625000000000e+00
7.159423828125000000e-02
-2.910156250000000000e-01
6.508789062500000000e-01
-3.708984375000000000e+00
1.667968750000000000e+00
-1.018554687500000000e+00
3.515625000000000000e-01
-4.902343750000000000e-01
1.719726562500000000e+00
1.580078125000000000e+00
1.390625000000000000e+00
-1.104492187500000000e+00
1.881835937500000000e+00
2.016601562500000000e-01
7.636718750000000000e-01
1.366210937500000000e+00
-7.397460937500000000e-01
2.642578125000000000e+00
-1.825195312500000000e+00
9.414062500000000000e-01
-1.211547851562500000e-01
3.920898437500000000e-01
-4.455566406250000000e-01
1.822265625000000000e+00
3.203125000000000000e-01
3.236328125000000000e+00
-3.164062500000000000e-01
9.838867187500000000e-01
-1.171875000000000000e+00
-1.307617187500000000e+00
-2.210937500000000000e+00
7.988281250000000000e-01
-1.034179687500000000e+00
-1.348876953125000000e-01
-1.791992187500000000e+00
2.527343750000000000e+00
4.523925781250000000e-01
4.919433593750000000e-01
8.955078125000000000e-01
-2.544921875000000000e+00
2.177734375000000000e+00
-1.591796875000000000e-01
-4.294433593750000000e-01
1.115234375000000000e+00
2.757812500000000000e+00
-1.778320312500000000e+00
-2.093505859375000000e-01
7.070312500000000000e-01
1.254882812500000000e+00
4.611206054687500000e-02
-6.757812500000000000e-01
-1.286132812500000000e+00
-9.506835937500000000e-01
9.790039062500000000e-01
-3.686523437500000000e-01
4.826660156250000000e-01
1.115234375000000000e+00
-7.988281250000000000e-01
1.127929687500000000e+00
-2.291015625000000000e+00
-3.491210937500000000e-01
-7.163085937500000000e-01
2.570312500000000000e+00
-4.172363281250000000e-01
-1.219482421875000000e-01
-2.452392578125000000e-01
-9.794921875000000000e-01
3.806152343750000000e-01
8.061523437500000000e-01
6.816406250000000000e-01
5.673828125000000000e-01
-3.792968750000000000e+00
5.888671875000000000e-01
-7.119140625000000000e-01
-3.635253906250000000e-01
-1.424804687500000000e+00
-1.115234375000000000e+00
2.343750000000000000e+00
-6.181640625000000000e-01
2.117187500000000000e+00
-8.978271484375000000e-02
5.825195312500000000e-01
1.677734375000000000e+00
-3.945922851562500000e-02
1.434570312500000000e+00
3.281250000000000000e-01
-6.005859375000000000e-01
-1.409179687500000000e+00
-8.325195312500000000e-01
1.260742187500000000e+00
-7.021484375000000000e-01
1.124877929687500000e-01
4.775390625000000000e-01
-8.251953125000000000e-02
-1.406250000000000000e+00
5.053710937500000000e-01
1.364257812500000000e+00
-2.712402343750000000e-01
-2.810546875000000000e+00
1.094726562500000000e+00
-2.548828125000000000e+00
-8.154296875000000000e-01
1.376953125000000000e+00
3.720703125000000000e+00
2.386474609375000000e-01
1.368164062500000000e+00
1.508789062500000000e+00
1.200195312500000000e+00
5.224609375000000000e-01
1.667480468750000000e-01
-2.488708496093750000e-02
-6.245117187500000000e-01
2.890625000000000000e-01
2.604980468750000000e-01
3.642578125000000000e-01
5.546875000000000000e-01
4.484375000000000000e+00
-4.077148437500000000e-01
-4.150390625000000000e-02
-9.365234375000000000e-01
-6.567382812500000000e-01
1.055664062500000000e+00
-1.793945312500000000e+00
8.583984375000000000e-01
8.730468750000000000e-01
3.166015625000000000e+00
-1.549804687500000000e+00
1.087890625000000000e+00
-5.849609375000000000e-01
-1.337890625000000000e+00
6.533203125000000000e-01
-1.346435546875000000e-01
1.268554687500000000e+00
1.851806640625000000e-01
-1.067382812500000000e+00
3.976440429687500000e-02
-1.998046875000000000e+00
-7.729530334472656250e-04
3.784179687500000000e-01
-1.491210937500000000e+00
3.474121093750000000e-01
2.524414062500000000e-01
-3.503417968750000000e-02
4.636230468750000000e-01
-2.675781250000000000e-01
1.138671875000000000e+00
-1.452148437500000000e+00
-2.042968750000000000e+00
1.380859375000000000e+00
-2.136718750000000000e+00
-2.275390625000000000e+00
6.645507812500000000e-01
-6.987304687500000000e-01
-9.509277343750000000e-02
1.609375000000000000e+00
-3.286743164062500000e-02
1.816406250000000000e+00
-9.765625000000000000e-01
-1.304687500000000000e+00
1.887207031250000000e-01
9.951171875000000000e-01
8.779296875000000000e-01
2.134765625000000000e+00
-1.770507812500000000e+00
-1.346679687500000000e+00
3.884277343750000000e-01
1.502685546875000000e-01
-1.032226562500000000e+00
-7.060546875000000000e-01
2.456054687500000000e-01
-6.821289062500000000e-01
-5.537109375000000000e-01
-2.019531250000000000e+00
-2.208251953125000000e-01
9.545898437500000000e-01
-3.933105468750000000e-01
-5.864257812500000000e-01
1.815185546875000000e-01
-1.092773437500000000e+00
2.517578125000000000e+00
8.959960937500000000e-01
-1.660156250000000000e-01
3.618164062500000000e-01
-2.658203125000000000e+00
-8.608398437500000000e-01
-1.096679687500000000e+00
-1.489257812500000000e+00
4.392089843750000000e-01
-3.121093750000000000e+00
-5.419921875000000000e-01
1.129882812500000000e+00
2.172851562500000000e-01
-1.944335937500000000e+00
5.161132812500000000e-01
-2.917480468750000000e-01
-1.264648437500000000e+00
-2.836914062500000000e-01
1.366210937500000000e+00
5.410156250000000000e-01
1.396484375000000000e+00
-1.149414062500000000e+00
1.124023437500000000e+00
-2.347656250000000000e+00
-3.847656250000000000e-01
1.319335937500000000e+00
1.333007812500000000e+00
-2.771484375000000000e+00
-2.795410156250000000e-01
-3.996582031250000000e-01
3.251953125000000000e-01
1.542968750000000000e+00
-1.970703125000000000e+00
-9.858398437500000000e-01
2.000732421875000000e-01
1.683593750000000000e+00
-7.158203125000000000e-01
-5.327148437500000000e-01
2.390625000000000000e+00
-1.203125000000000000e+00
-1.912841796875000000e-01
-1.304687500000000000e+00
-1.118164062500000000e+00
-2.098388671875000000e-01
-2.690429687500000000e-01
2.573242187500000000e-01
5.161132812500000000e-01
-3.246093750000000000e+00
-2.199218750000000000e+00
8.286132812500000000e-01
-6.499023437500000000e-01
6.850585937500000000e-01
1.239257812500000000e+00
8.876953125000000000e-01
1.830078125000000000e+00
2.780761718750000000e-01
1.691406250000000000e+00
1.138671875000000000e+00
1.496093750000000000e+00
-1.508789062500000000e+00
7.900390625000000000e-01
1.707031250000000000e+00
-1.589843750000000000e+00
-3.769531250000000000e-01
-2.568359375000000000e-01
-5.634765625000000000e-01
-6.948242187500000000e-01
-1.254882812500000000e+00
1.711914062500000000e+00
-1.718750000000000000e-01
-6.567382812500000000e-01
-1.217773437500000000e+00
1.857910156250000000e-01
-8.999023437500000000e-01
-1.130859375000000000e+00
-9.912109375000000000e-01
-7.949829101562500000e-03
-2.905273437500000000e-01
-2.128906250000000000e+00
-1.246093750000000000e+00
1.062500000000000000e+00
-2.077636718750000000e-01
-5.209960937500000000e-01
-2.144775390625000000e-01
-8.334960937500000000e-01
-1.980590820312500000e-02
4.606933593750000000e-01
-1.571289062500000000e+00
5.405273437500000000e-01
-1.381835937500000000e-01
9.819335937500000000e-01
4.726562500000000000e-01
-1.220703125000000000e+00
-4.172363281250000000e-01
6.918945312500000000e-01
-1.726074218750000000e-01
1.566162109375000000e-01
-9.028320312500000000e-01
-1.540039062500000000e+00
2.539062500000000000e+00
2.707031250000000000e+00
8.173828125000000000e-01
2.626953125000000000e+00
9.282226562500000000e-01
-3.271484375000000000e-01
4.482421875000000000e-01
5.581054687500000000e-01
9.393310546875000000e-02
-1.224609375000000000e+00
5.595703125000000000e-01
7.817382812500000000e-01
9.833984375000000000e-01
-1.151367187500000000e+00
2.861328125000000000e-01
1.083007812500000000e+00
2.342529296875000000e-01
1.394531250000000000e+00
1.209960937500000000e+00
1.187744140625000000e-01
-9.307861328125000000e-02
1.448242187500000000e+00
1.797851562500000000e+00
3.060546875000000000e+00
8.258056640625000000e-02
4.987792968750000000e-01
-2.519531250000000000e+00
8.549804687500000000e-01
-7.358398437500000000e-01
1.038085937500000000e+00
-3.144531250000000000e+00
-5.073242187500000000e-01
5.761718750000000000e-01
2.240234375000000000e+00
2.529296875000000000e-01
-1.740234375000000000e+00
-5.371093750000000000e-01
-2.705078125000000000e+00
-2.238281250000000000e+00
7.221679687500000000e-01
-3.137207031250000000e-01
7.119140625000000000e-01
2.127685546875000000e-01
5.659179687500000000e-01
-5.556640625000000000e-01
-5.917968750000000000e-01
-4.860839843750000000e-01
-5.207031250000000000e+00
1.075195312500000000e+00
4.379882812500000000e-01
-2.812500000000000000e-01
-7.602539062500000000e-01
2.312500000000000000e+00
3.208007812500000000e-01
9.848632812500000000e-01
1.545898437500000000e+00
9.921875000000000000e-01
-1.229492187500000000e+00
-1.689453125000000000e+00
1.627929687500000000e+00
-7.700195312500000000e-01
-5.141601562500000000e-01
6.375000000000000000e+00
1.947021484375000000e-01
9.965820312500000000e-01
-1.144531250000000000e+00
-1.061523437500000000e+00
-8.183593750000000000e-01
6.191406250000000000e-01
-1.066406250000000000e+00
-1.474609375000000000e+00
1.089843750000000000e+00
6.699218750000000000e-01
6.142578125000000000e-01
-9.580078125000000000e-01
-5.297851562500000000e-01
-4.384765625000000000e-01
1.363281250000000000e+00
-5.649414062500000000e-01
-1.763671875000000000e+00
-3.054687500000000000e+00
1.572265625000000000e+00
1.783447265625000000e-01
8.305664062500000000e-01
6.386718750000000000e-01
6.440429687500000000e-01
-5.942382812500000000e-01
-1.104492187500000000e+00
9.600830078125000000e-02
-4.179687500000000000e-01
2.058593750000000000e+00
-2.123046875000000000e+00
-1.049804687500000000e+00
-8.740234375000000000e-02
1.250000000000000000e+00
4.082031250000000000e-01
-1.889038085937500000e-02
-3.896484375000000000e-01
-1.567077636718750000e-02
6.435546875000000000e-01
1.025390625000000000e+00
-1.103515625000000000e+00
-6.098632812500000000e-01
-1.119140625000000000e+00
9.135742187500000000e-01
-1.358398437500000000e+00
-7.392578125000000000e-01
1.735351562500000000e+00
5.175781250000000000e-01
-9.167480468750000000e-02
-2.439453125000000000e+00
8.579101562500000000e-01
-1.246093750000000000e+00
1.711425781250000000e-01
-1.166015625000000000e+00
2.193359375000000000e+00
3.214843750000000000e+00
1.006835937500000000e+00
2.923828125000000000e+00
1.860351562500000000e+00
4.479980468750000000e-01
1.405273437500000000e+00
-1.819335937500000000e+00
2.884765625000000000e+00
9.829101562500000000e-01
-4.316406250000000000e-01
6.625976562500000000e-01
3.183593750000000000e-01
-3.207397460937500000e-02
-1.906250000000000000e+00
-2.679687500000000000e+00
-1.568359375000000000e+00
-7.329101562500000000e-01
8.603515625000000000e-01
7.446289062500000000e-01
-1.733398437500000000e-01
-3.237304687500000000e-01
2.893066406250000000e-01
-2.298828125000000000e+00
-2.052001953125000000e-01
-1.176757812500000000e+00
7.070312500000000000e-01
1.279296875000000000e+00
-3.588867187500000000e-02
-1.000366210937500000e-01
2.236328125000000000e+00
4.709472656250000000e-01
1.447265625000000000e+00
-5.537109375000000000e-01
-1.917968750000000000e+00
2.253906250000000000e+00
1.491699218750000000e-01
-1.992187500000000000e+00
6.572265625000000000e-01
-5.668945312500000000e-01
7.006835937500000000e-01
-6.457519531250000000e-02
2.753906250000000000e-01
-1.465820312500000000e+00
-4.165039062500000000e-01
1.713867187500000000e-01
7.172851562500000000e-01
-1.586914062500000000e+00
-4.411621093750000000e-01
2.013671875000000000e+00
-1.391601562500000000e+00
1.719726562500000000e+00
-2.139892578125000000e-01
-1.193359375000000000e+00
-3.855468750000000000e+00
1.869140625000000000e+00
-1.022460937500000000e+00
-2.345703125000000000e+00
8.808593750000000000e-01
1.502929687500000000e+00
1.171875000000000000e+00
2.783203125000000000e-01
2.802734375000000000e-01
-1.140625000000000000e+00
2.000000000000000000e+00
1.309570312500000000e+00
-2.585937500000000000e+00
-6.362304687500000000e-01
-2.031250000000000000e+00
-2.241210937500000000e-01
7.343750000000000000e-01
1.009368896484375000e-02
-1.009765625000000000e+00
2.005859375000000000e+00
-6.903076171875000000e-02
1.743164062500000000e+00
5.961914062500000000e-01
-2.841796875000000000e-01
-3.119140625000000000e+00
-6.323242187500000000e-01
1.219726562500000000e+00
-1.112304687500000000e+00
9.389648437500000000e-01
7.329101562500000000e-01
-1.251953125000000000e+00
1.417968750000000000e+00
2.293701171875000000e-01
1.081054687500000000e+00
-1.227416992187500000e-01
1.682617187500000000e+00
2.778625488281250000e-02
-1.126953125000000000e+00
5.346679687500000000e-01
-6.035156250000000000e-01
-1.752929687500000000e+00
-1.623046875000000000e+00
-3.266601562500000000e-01
-1.150390625000000000e+00
1.725585937500000000e+00
6.860351562500000000e-01
-1.455078125000000000e+00
-1.348632812500000000e+00
-7.148437500000000000e+00
-1.895507812500000000e+00
2.033203125000000000e+00
6.572265625000000000e-01
6.591796875000000000e-01
-1.950683593750000000e-01
-1.167968750000000000e+00
1.996093750000000000e+00
4.223632812500000000e-01
1.417968750000000000e+00
2.011718750000000000e+00
-5.390625000000000000e-01
1.048828125000000000e+00
-5.664062500000000000e-01
4.543457031250000000e-01
2.769531250000000000e+00
1.528320312500000000e+00
2.074218750000000000e+00
-1.240234375000000000e+00
3.365234375000000000e+00
1.290039062500000000e+00
-6.865234375000000000e-01
1.436523437500000000e+00
4.687500000000000000e+00
2.890625000000000000e-01
-3.710937500000000000e-01
5.434570312500000000e-01
-4.370117187500000000e-01
-2.046875000000000000e+00
8.261718750000000000e-01
-2.115234375000000000e+00
-5.566406250000000000e-01
-7.021484375000000000e-01
1.249023437500000000e+00
-3.215332031250000000e-01
2.527343750000000000e+00
-4.191894531250000000e-01
-7.524414062500000000e-01
1.728515625000000000e+00
-2.021484375000000000e+00
-5.454101562500000000e-01
-1.998046875000000000e+00
-1.257324218750000000e-01
-2.003906250000000000e+00
-2.822265625000000000e-01
-1.876953125000000000e+00
5.141601562500000000e-01
6.293945312500000000e-01
-1.230621337890625000e-02
8.222656250000000000e-01
1.273437500000000000e+00
8.784179687500000000e-01
1.737304687500000000e+00
1.246093750000000000e+00
-1.494140625000000000e-01
-1.429443359375000000e-01
-1.577148437500000000e+00
7.089843750000000000e-01
-6.625976562500000000e-01
8.735351562500000000e-01
-2.472656250000000000e+00
-8.173828125000000000e-01
1.998291015625000000e-01
6.074218750000000000e-01
1.085937500000000000e+00
-1.297851562500000000e+00
-4.333496093750000000e-01
2.009765625000000000e+00
-6.970214843750000000e-02
-1.833007812500000000e+00
-1.730468750000000000e+00
3.457031250000000000e+00
7.684326171875000000e-02
-7.988281250000000000e-01
-7.607421875000000000e-01
8.227539062500000000e-02
2.052734375000000000e+00
-2.224121093750000000e-01
9.853515625000000000e-01
1.141601562500000000e+00
9.858398437500000000e-01
7.338867187500000000e-01
-1.119140625000000000e+00
3.024902343750000000e-01
-1.003906250000000000e+00
4.738769531250000000e-01
-2.042968750000000000e+00
3.725585937500000000e-01
1.471679687500000000e+00
6.378173828125000000e-02
-2.578125000000000000e-01
7.202148437500000000e-01
-1.814453125000000000e+00
-1.102539062500000000e+00
1.461914062500000000e+00
8.144531250000000000e-01
3.097534179687500000e-02
7.749023437500000000e-01
4.450683593750000000e-01
-1.371093750000000000e+00
1.637695312500000000e+00
-5.302734375000000000e-01
-1.122070312500000000e+00
-5.458984375000000000e-01
-9.682617187500000000e-01
1.634765625000000000e+00
1.543945312500000000e+00
3.283691406250000000e-01
-1.776367187500000000e+00
-2.763671875000000000e-01
3.822265625000000000e+00
-5.331420898437500000e-02
6.549072265625000000e-02
2.707031250000000000e+00
1.307373046875000000e-01
2.182617187500000000e-01
3.896484375000000000e-01
9.292602539062500000e-03
1.987304687500000000e-01
-1.373046875000000000e+00
2.556640625000000000e+00
-1.249023437500000000e+00
-3.261718750000000000e-01
