2.066406250000000000e+00
1.632812500000000000e+00
-7.900390625000000000e-01
-5.605468750000000000e-01
-1.317382812500000000e+00
-1.711914062500000000e+00
-2.494140625000000000e+00
-1.009765625000000000e+00
3.378906250000000000e-01
-3.632812500000000000e-01
1.105468750000000000e+00
-8.325195312500000000e-01
-1.428710937500000000e+00
1.593750000000000000e+00
-1.471679687500000000e+00
8.100585937500000000e-01
-2.128906250000000000e+00
7.714843750000000000e-01
4.352569580078125000e-03
2.541503906250000000e-01
2.355468750000000000e+00
1.150390625000000000e+00
5.221557617187500000e-02
1.082031250000000000e+00
-1.492187500000000000e+00
3.280639648437500000e-02
-4.389648437500000000e-01
-8.945312500000000000e-01
-9.223632812500000000e-01
1.847656250000000000e+00
-2.605468750000000000e+00
-1.372070312500000000e+00
-2.119140625000000000e+00
2.574218750000000000e+00
1.607421875000000000e+00
-8.728027343750000000e-03
-1.354492187500000000e+00
1.086914062500000000e+00
7.534179687500000000e-01
5.336914062500000000e-01
2.285156250000000000e+00
1.109619140625000000e-01
-1.707031250000000000e+00
-7.416992187500000000e-01
-2.880859375000000000e+00
8.671875000000000000e-01
8.071289062500000000e-01
4.379882812500000000e-01
3.441406250000000000e+00
-1.127929687500000000e+00
8.160400390625000000e-02
1.919921875000000000e+00
-3.254394531250000000e-01
8.041992187500000000e-01
-1.710937500000000000e+00
-9.697265625000000000e-01
-7.841796875000000000e-01
6.182861328125000000e-02
9.711914062500000000e-01
1.675781250000000000e+00
-1.141601562500000000e+00
-1.240234375000000000e+00
-6.988525390625000000e-02
1.403320312500000000e+00
-2.286911010742187500e-03
-2.798828125000000000e+00
-6.414794921875000000e-02
1.620117187500000000e+00
2.419921875000000000e+00
-2.441406250000000000e+00
3.046875000000000000e-01
4.165649414062500000e-02
1.474609375000000000e+00
-5.747070312500000000e-01
-6.206054687500000000e-01
3.801269531250000000e-01
-9.165039062500000000e-01
2.709960937500000000e-01
-1.046875000000000000e+00
-7.197265625000000000e-01
1.947265625000000000e+00
-1.564941406250000000e-01
3.416015625000000000e+00
3.376464843750000000e-01
-1.902343750000000000e+00
1.796875000000000000e+00
1.144531250000000000e+00
-2.224121093750000000e-01
-1.246093750000000000e+00
2.177734375000000000e-01
-1.179687500000000000e+00
1.840820312500000000e+00
5.351562500000000000e-01
1.268554687500000000e+00
-2.042968750000000000e+00
3.578125000000000000e+00
-2.905273437500000000e-01
-2.511718750000000000e+00
2.543945312500000000e-01
1.534179687500000000e+00
7.021484375000000000e-01
5.551757812500000000e-01
-9.814453125000000000e-01
-2.279296875000000000e+00
5.888671875000000000e-01
1.324218750000000000e+00
2.753906250000000000e-01
5.019531250000000000e-01
2.000000000000000000e+00
3.688964843750000000e-01
-3.042968750000000000e+00
-1.501953125000000000e+00
2.103515625000000000e+00
-2.017578125000000000e+00
-1.583862304687500000e-02
-2.288818359375000000e-01
3.544921875000000000e-01
3.278808593750000000e-01
4.648437500000000000e-01
-1.250000000000000000e+00
1.770507812500000000e+00
-3.052734375000000000e+00
1.007812500000000000e+00
1.343750000000000000e+00
3.363037109375000000e-02
4.855957031250000000e-01
2.291015625000000000e+00
-4.448242187500000000e-01
7.698059082031250000e-03
-1.580078125000000000e+00
-1.771240234375000000e-01
1.468750000000000000e+00
1.487304687500000000e+00
1.396484375000000000e+00
7.758789062500000000e-01
-1.040039062500000000e+00
-3.100585937500000000e-01
-2.015686035156250000e-02
1.691894531250000000e-01
2.880859375000000000e+00
5.317382812500000000e-01
-1.526367187500000000e+00
-1.672851562500000000e+00
-1.065429687500000000e+00
-1.283203125000000000e+00
1.380859375000000000e+00
1.088867187500000000e+00
-7.973632812500000000e-01
-1.104492187500000000e+00
1.488281250000000000e+00
1.833007812500000000e+00
8.212890625000000000e-01
5.185546875000000000e-01
-8.334960937500000000e-01
-5.877685546875000000e-02
1.903320312500000000e+00
1.576171875000000000e+00
5.668945312500000000e-01
4.123535156250000000e-01
3.576660156250000000e-01
5.278320312500000000e-01
8.286132812500000000e-01
-3.850097656250000000e-01
-6.658935546875000000e-02
4.605468750000000000e+00
-1.514648437500000000e+00
1.938476562500000000e+00
-1.812500000000000000e+00
-1.789062500000000000e+00
1.564941406250000000e-01
2.641601562500000000e-01
-8.730468750000000000e-01
-6.367187500000000000e-01
6.079101562500000000e-01
4.658203125000000000e-01
2.614746093750000000e-01
5.268554687500000000e-01
-1.041015625000000000e+00
8.437500000000000000e-01
-1.125000000000000000e+00
-8.325195312500000000e-01
7.929687500000000000e-01
1.242675781250000000e-01
-3.469238281250000000e-01
-6.054687500000000000e-01
1.445312500000000000e+00
-1.146850585937500000e-01
6.689453125000000000e-01
-3.806152343750000000e-01
-2.273437500000000000e+00
-7.830810546875000000e-02
9.902343750000000000e-01
-5.145263671875000000e-02
-2.229003906250000000e-01
-3.730468750000000000e+00
-8.515625000000000000e-01
5.722656250000000000e-01
2.954101562500000000e-01
-1.478271484375000000e-01
-1.557617187500000000e-01
3.999023437500000000e-01
-1.797851562500000000e+00
-1.109375000000000000e+00
-2.980957031250000000e-01
-8.466796875000000000e-01
2.998046875000000000e+00
-1.014648437500000000e+00
7.055664062500000000e-01
6.977539062500000000e-01
8.842773437500000000e-01
-3.867187500000000000e-01
2.812500000000000000e-01
2.371093750000000000e+00
1.011718750000000000e+00
8.076171875000000000e-01
1.251953125000000000e+00
-2.470703125000000000e+00
-2.563476562500000000e-01
-6.127929687500000000e-02
1.311523437500000000e+00
3.035156250000000000e+00
-8.217773437500000000e-01
2.326171875000000000e+00
5.191406250000000000e+00
4.162597656250000000e-01
3.361816406250000000e-01
1.584960937500000000e+00
1.687011718750000000e-01
7.226562500000000000e-01
1.918029785156250000e-02
8.562500000000000000e+00
1.958984375000000000e+00
-5.610351562500000000e-01
4.394531250000000000e-01
1.156250000000000000e+00
-2.632812500000000000e+00
1.015625000000000000e+00
6.191406250000000000e-01
-2.137451171875000000e-01
1.110351562500000000e+00
-9.985351562500000000e-01
5.961914062500000000e-01
-3.449707031250000000e-01
-4.970703125000000000e-01
-4.269531250000000000e+00
-1.402343750000000000e+00
-2.712402343750000000e-01
1.367187500000000000e+00
1.441406250000000000e+00
6.015625000000000000e-01
3.218750000000000000e+00
1.291992187500000000e+00
-5.815429687500000000e-01
1.342773437500000000e+00
-1.190429687500000000e+00
9.882812500000000000e-01
-1.170898437500000000e+00
-5.703125000000000000e-01
-7.397460937500000000e-01
6.554687500000000000e+00
1.168945312500000000e+00
-6.503906250000000000e-01
1.142578125000000000e+00
-8.842773437500000000e-01
-1.649414062500000000e+00
1.002929687500000000e+00
1.287109375000000000e+00
-9.248046875000000000e-01
-1.022460937500000000e+00
-3.461837768554687500e-03
-1.790039062500000000e+00
1.062500000000000000e+00
-1.386718750000000000e+00
2.527343750000000000e+00
-2.553710937500000000e-01
1.048828125000000000e+00
-7.314453125000000000e-01
6.088867187500000000e-01
6.455078125000000000e-01
2.591796875000000000e+00
-1.440429687500000000e+00
-5.244140625000000000e-01
5.029296875000000000e-01
-7.651367187500000000e-01
-1.636718750000000000e+00
1.824218750000000000e+00
-4.479980468750000000e-02
1.148437500000000000e+00
9.135742187500000000e-01
1.351562500000000000e+00
-1.740234375000000000e+00
1.191406250000000000e+00
7.075195312500000000e-01
1.184570312500000000e+00
3.254394531250000000e-01
-3.457031250000000000e-01
2.363281250000000000e+00
-1.555664062500000000e+00
-2.169799804687500000e-02
2.800781250000000000e+00
-3.150390625000000000e+00
1.632812500000000000e+00
1.372070312500000000e+00
5.815429687500000000e-01
4.790039062500000000e-01
-8.605957031250000000e-02
-2.377929687500000000e-01
-1.500976562500000000e+00
1.113281250000000000e+00
5.449218750000000000e-01
9.511718750000000000e-01
-2.179687500000000000e+00
-9.853515625000000000e-01
-7.607421875000000000e-01
2.220703125000000000e+00
-1.436523437500000000e+00
-9.116210937500000000e-01
-9.501953125000000000e-01
-4.085937500000000000e+00
-1.033203125000000000e+00
-5.712890625000000000e-01
8.652343750000000000e-01
2.500000000000000000e+00
-3.337402343750000000e-01
1.352539062500000000e+00
6.752929687500000000e-01
6.225585937500000000e-01
1.274414062500000000e+00
-5.512695312500000000e-01
-6.298828125000000000e-01
-4.960937500000000000e-01
-1.734375000000000000e+00
2.712402343750000000e-01
9.199218750000000000e-01
5.913085937500000000e-01
1.014648437500000000e+00
-4.606933593750000000e-01
-2.203369140625000000e-01
-4.094238281250000000e-01
1.921875000000000000e+00
-1.845703125000000000e+00
-2.336425781250000000e-01
-7.460937500000000000e-01
-1.481445312500000000e+00
2.047119140625000000e-01
2.517089843750000000e-01
-7.373046875000000000e-01
-8.027343750000000000e-01
1.652343750000000000e+00
-6.147460937500000000e-01
1.131835937500000000e+00
-1.595703125000000000e+00
-9.365234375000000000e-01
2.013671875000000000e+00
-1.500000000000000000e+00
4.206542968750000000e-01
1.642578125000000000e+00
-4.843750000000000000e-01
-1.125976562500000000e+00
-7.861328125000000000e-01
-9.599609375000000000e-01
-4.833984375000000000e-01
2.119445800781250000e-02
8.369140625000000000e-01
1.510009765625000000e-01
-7.314453125000000000e-01
-1.142120361328125000e-02
-1.854248046875000000e-01
1.264648437500000000e-01
1.630859375000000000e+00
8.557128906250000000e-02
-3.796386718750000000e-01
1.148437500000000000e+00
1.620117187500000000e+00
5.390625000000000000e-01
8.071289062500000000e-01
9.868164062500000000e-01
-3.278808593750000000e-01
-2.653808593750000000e-01
9.213867187500000000e-01
6.738281250000000000e-01
4.973144531250000000e-01
1.618652343750000000e-01
-5.053710937500000000e-01
1.643554687500000000e+00
-1.314453125000000000e+00
-1.481445312500000000e+00
-1.365234375000000000e+00
-2.634277343750000000e-01
1.281250000000000000e+00
5.112304687500000000e-01
-1.543945312500000000e+00
-9.338378906250000000e-02
4.208984375000000000e-01
1.628906250000000000e+00
1.522216796875000000e-01
-1.238281250000000000e+00
-5.668945312500000000e-01
2.248046875000000000e+00
4.429687500000000000e+00
9.829101562500000000e-01
8.427734375000000000e-01
-2.130859375000000000e+00
-6.201171875000000000e-02
-2.419921875000000000e+00
-6.318359375000000000e-01
-3.723144531250000000e-01
2.011718750000000000e+00
9.038085937500000000e-01
-9.478759765625000000e-02
-2.873046875000000000e+00
6.108398437500000000e-01
-1.653320312500000000e+00
-1.390625000000000000e+00
1.437500000000000000e+00
9.643554687500000000e-01
-2.119140625000000000e-01
1.255859375000000000e+00
-7.998046875000000000e-01
1.602539062500000000e+00
-1.651367187500000000e+00
-3.632812500000000000e-01
2.519531250000000000e-01
8.281250000000000000e-01
2.128906250000000000e+00
-1.497070312500000000e+00
-4.287109375000000000e-01
-2.822265625000000000e+00
-5.126953125000000000e-01
4.995117187500000000e-01
2.066650390625000000e-01
1.008789062500000000e+00
-7.092285156250000000e-02
-7.026367187500000000e-01
1.560546875000000000e+00
-4.953613281250000000e-01
1.071289062500000000e+00
-1.329101562500000000e+00
-4.458007812500000000e-01
-1.488281250000000000e+00
6.108398437500000000e-01
-4.672851562500000000e-01
1.472656250000000000e+00
-5.968750000000000000e+00
-9.077148437500000000e-01
-1.123046875000000000e+00
1.319335937500000000e+00
3.817749023437500000e-02
-1.297760009765625000e-02
3.338623046875000000e-02
1.302734375000000000e+00
-7.641601562500000000e-01
3.066406250000000000e+00
8.808593750000000000e-01
-1.753906250000000000e+00
1.844726562500000000e+00
-6.186523437500000000e-01
-7.928466796875000000e-02
-2.478515625000000000e+00
1.309570312500000000e+00
-8.461914062500000000e-01
1.221679687500000000e+00
1.273437500000000000e+00
-1.276367187500000000e+00
1.181793212890625000e-02
1.913085937500000000e+00
2.308593750000000000e+00
-8.056640625000000000e-03
2.060546875000000000e+00
-3.103027343750000000e-01
1.195312500000000000e+00
9.991455078125000000e-02
-6.196289062500000000e-01
-1.914062500000000000e+00
2.152343750000000000e+00
5.810546875000000000e-01
1.001953125000000000e+00
-2.240234375000000000e+00
2.419921875000000000e+00
-7.597656250000000000e-01
2.199707031250000000e-01
-1.322021484375000000e-01
2.453125000000000000e+00
9.135742187500000000e-01
-1.426757812500000000e+00
2.101562500000000000e+00
-2.001953125000000000e+00
1.161499023437500000e-01
-5.590820312500000000e-01
-1.009765625000000000e+00
-2.724609375000000000e+00
-8.437500000000000000e-01
-2.458984375000000000e+00
1.030273437500000000e+00
3.056640625000000000e-01
-7.172851562500000000e-01
9.501953125000000000e-01
2.035156250000000000e+00
2.339843750000000000e+00
-2.292968750000000000e+00
-2.386474609375000000e-01
1.870117187500000000e+00
5.317382812500000000e-01
1.850585937500000000e+00
-2.548828125000000000e+00
-1.666015625000000000e+00
1.482421875000000000e+00
2.779296875000000000e+00
1.602539062500000000e+00
1.072265625000000000e+00
-2.464599609375000000e-01
-2.890625000000000000e-01
-1.096801757812500000e-01
-3.740234375000000000e-01
1.047851562500000000e+00
-1.893615722656250000e-02
-4.159545898437500000e-02
3.723144531250000000e-01
2.095703125000000000e+00
7.231445312500000000e-01
5.864257812500000000e-01
-1.075195312500000000e+00
3.406250000000000000e+00
-2.423828125000000000e+00
9.272460937500000000e-01
-1.099609375000000000e+00
-2.283203125000000000e+00
1.390625000000000000e+00
-3.593750000000000000e-01
8.941650390625000000e-02
-4.108886718750000000e-01
-9.054687500000000000e+00
-2.244140625000000000e+00
1.492187500000000000e+00
-6.650390625000000000e-01
1.116210937500000000e+00
1.032226562500000000e+00
-6.064453125000000000e-01
1.415039062500000000e+00
-4.387207031250000000e-01
-1.185546875000000000e+00
-8.134765625000000000e-01
-2.017578125000000000e+00
-9.233398437500000000e-01
3.281250000000000000e-01
-5.278320312500000000e-01
1.621093750000000000e-01
9.702148437500000000e-01
-1.144531250000000000e+00
-2.812500000000000000e+00
1.927734375000000000e+00
9.116210937500000000e-01
-1.059570312500000000e+00
5.297851562500000000e-01
-2.363281250000000000e+00
2.498046875000000000e+00
-9.453125000000000000e-01
-2.250976562500000000e-01
-2.519531250000000000e+00
7.470703125000000000e-01
-5.392456054687500000e-02
-7.343750000000000000e-01
3.666015625000000000e+00
-3.263671875000000000e+00
5.206298828125000000e-02
-1.320312500000000000e+00
3.109375000000000000e+00
5.869140625000000000e-01
4.301757812500000000e-01
-8.901367187500000000e-01
1.643554687500000000e+00
-5.122070312500000000e-01
1.031250000000000000e+00
-3.412109375000000000e+00
-4.575195312500000000e-01
-9.360351562500000000e-01
5.620117187500000000e-01
-8.100585937500000000e-01
1.415039062500000000e+00
-1.509765625000000000e+00
-3.417968750000000000e-01
-4.238281250000000000e-01
1.963806152343750000e-02
8.623046875000000000e-01
1.643066406250000000e-01
-8.032226562500000000e-01
-4.772949218750000000e-01
4.348144531250000000e-01
-1.195312500000000000e+00
-4.843750000000000000e-01
3.129882812500000000e-01
5.092773437500000000e-01
-4.558105468750000000e-01
1.298828125000000000e+00
-4.183593750000000000e+00
5.952148437500000000e-01
-3.814453125000000000e+00
-2.687500000000000000e+00
-2.750000000000000000e+00
-2.095703125000000000e+00
7.441406250000000000e-01
-4.196777343750000000e-01
-2.207031250000000000e+00
-7.094726562500000000e-01
2.448730468750000000e-01
-1.134765625000000000e+00
-1.086914062500000000e+00
-3.537597656250000000e-01
6.220703125000000000e-01
-9.199218750000000000e-01
6.341552734375000000e-02
1.390625000000000000e+00
-1.025390625000000000e+00
1.255859375000000000e+00
1.437500000000000000e+00
-2.039062500000000000e+00
4.067382812500000000e-01
6.518554687500000000e-01
2.844238281250000000e-01
-6.777343750000000000e-01
-2.087402343750000000e-01
-3.205078125000000000e+00
3.664550781250000000e-01
-8.227539062500000000e-01
-4.096679687500000000e-01
2.310546875000000000e+00
-2.589843750000000000e+00
-2.589843750000000000e+00
-1.333007812500000000e+00
3.251953125000000000e-01
1.923828125000000000e+00
-2.568359375000000000e-01
1.824218750000000000e+00
1.559570312500000000e+00
-1.321289062500000000e+00
-1.467773437500000000e+00
-1.017578125000000000e+00
-7.924804687500000000e-01
-9.370117187500000000e-01
3.103515625000000000e+00
3.266601562500000000e-01
-2.511718750000000000e+00
-1.414062500000000000e+00
1.135742187500000000e+00
7.451171875000000000e-01
-1.018554687500000000e+00
-5.971679687500000000e-01
1.270507812500000000e+00
5.815429687500000000e-01
-3.032226562500000000e-01
4.521484375000000000e-01
-9.096679687500000000e-01
-2.884765625000000000e+00
1.113281250000000000e+00
1.759765625000000000e+00
1.479492187500000000e+00
2.550781250000000000e+00
-8.989257812500000000e-01
-1.608398437500000000e+00
-5.102539062500000000e-01
6.357421875000000000e-01
-5.786132812500000000e-01
8.125000000000000000e-01
-1.421875000000000000e+00
8.583984375000000000e-01
1.611328125000000000e+00
1.862304687500000000e+00
-1.300781250000000000e+00
5.190429687500000000e-01
-7.807617187500000000e-01
2.832031250000000000e-01
4.901123046875000000e-02
-9.975585937500000000e-01
1.113281250000000000e+00
8.017578125000000000e-01
8.110351562500000000e-01
-5.717773437500000000e-01
3.393554687500000000e-01
1.487304687500000000e+00
1.724853515625000000e-01
1.537109375000000000e+00
9.136962890625000000e-02
1.531250000000000000e+00
-1.503906250000000000e+00
-5.302734375000000000e-01
3.449707031250000000e-01
4.553222656250000000e-01
5.004882812500000000e-01
1.192626953125000000e-01
1.643371582031250000e-02
1.134765625000000000e+00
2.097167968750000000e-01
1.333984375000000000e+00
2.281250000000000000e+00
7.626953125000000000e-01
-1.450195312500000000e-01
-8.847656250000000000e-01
-3.329467773437500000e-02
2.827148437500000000e-01
2.380859375000000000e+00
-1.075195312500000000e+00
-6.391601562500000000e-01
2.919921875000000000e-01
3.533935546875000000e-02
1.761718750000000000e+00
8.532714843750000000e-02
5.832031250000000000e+00
-4.094238281250000000e-01
9.355468750000000000e-01
3.510742187500000000e-01
-8.447265625000000000e-02
4.655761718750000000e-01
-5.463867187500000000e-01
2.388671875000000000e+00
5.405273437500000000e-01
4.099121093750000000e-01
-1.127929687500000000e+00
1.211914062500000000e+00
-8.271484375000000000e-01
-7.514648437500000000e-01
-7.678222656250000000e-02
-2.324218750000000000e-01
-1.660156250000000000e+00
-1.778320312500000000e+00
-8.491210937500000000e-01
-1.263671875000000000e+00
-2.242187500000000000e+00
-1.395507812500000000e+00
-5.053710937500000000e-01
-2.583007812500000000e-01
-2.132812500000000000e+00
8.032226562500000000e-01
-4.589843750000000000e-01
-4.301757812500000000e-01
5.219726562500000000e-01
-6.634521484375000000e-02
-6.475830078125000000e-02
-5.971679687500000000e-01
-1.110351562500000000e+00
-7.412109375000000000e-01
-1.905273437500000000e+00
1.661376953125000000e-01
2.480468750000000000e+00
1.928710937500000000e-01
9.536132812500000000e-01
2.906250000000000000e+00
4.886718750000000000e+00
-1.113281250000000000e+00
-7.290039062500000000e-01
6.166992187500000000e-01
-4.255371093750000000e-01
2.951660156250000000e-01
2.663574218750000000e-01
-5.395507812500000000e-01
9.223632812500000000e-01
2.469482421875000000e-01
5.120849609375000000e-02
-9.521484375000000000e-02
-1.589843750000000000e+00
-9.570312500000000000e-01
-2.575683593750000000e-01
-1.947265625000000000e+00
1.340820312500000000e+00
-2.044921875000000000e+00
-1.644531250000000000e+00
-8.295898437500000000e-01
7.612304687500000000e-01
-2.166748046875000000e-02
1.745117187500000000e+00
-2.621093750000000000e+00
5.976562500000000000e-01
8.803710937500000000e-01
-5.937500000000000000e-01
9.853515625000000000e-01
2.998046875000000000e+00
-7.636718750000000000e-01
3.225097656250000000e-01
-4.819335937500000000e-01
2.382812500000000000e+00
-9.765625000000000000e-01
-2.272949218750000000e-01
-2.841796875000000000e-01
-1.267578125000000000e+00
-7.489013671875000000e-02
1.531982421875000000e-01
-1.301269531250000000e-01
1.098632812500000000e+00
1.213989257812500000e-01
-5.180664062500000000e-01
-7.778320312500000000e-01
-9.594726562500000000e-01
-3.564453125000000000e-01
1.254882812500000000e+00
1.251953125000000000e+00
-2.548828125000000000e+00
-3.181152343750000000e-01
2.954101562500000000e-01
2.626953125000000000e-01
-7.490234375000000000e-01
-4.140625000000000000e-01
8.457031250000000000e-01
-4.746093750000000000e-01
-1.017578125000000000e+00
-1.810546875000000000e+00
1.269531250000000000e+00
1.958984375000000000e+00
-8.193359375000000000e-01
-3.969726562500000000e-01
-1.020507812500000000e+00
7.094726562500000000e-01
-7.163085937500000000e-01
3.169921875000000000e+00
9.893798828125000000e-02
8.837890625000000000e-01
4.028320312500000000e-01
-2.728515625000000000e+00
1.567382812500000000e+00
-7.685546875000000000e-01
-1.995849609375000000e-01
-5.830078125000000000e-01
-1.781250000000000000e+00
2.761230468750000000e-01
4.973144531250000000e-01
-7.324218750000000000e-01
1.341796875000000000e+00
7.534179687500000000e-01
-1.315429687500000000e+00
1.058593750000000000e+00
5.261230468750000000e-02
9.663085937500000000e-01
-2.291015625000000000e+00
-2.148437500000000000e+00
-1.383789062500000000e+00
-1.115234375000000000e+00
-7.952880859375000000e-02
2.492187500000000000e+00
-1.382812500000000000e+00
-6.708984375000000000e-01
-1.133789062500000000e+00
-1.113281250000000000e+00
-1.136718750000000000e+00
1.793945312500000000e+00
-3.251953125000000000e-01
1.821289062500000000e-01
-2.888671875000000000e+00
-5.117187500000000000e-01
3.654785156250000000e-01
-4.478454589843750000e-03
-7.514648437500000000e-01
1.636718750000000000e+00
9.448242187500000000e-02
-1.531982421875000000e-01
-1.267089843750000000e-01
-1.652343750000000000e+00
-1.007812500000000000e+00
4.082031250000000000e-01
-3.324218750000000000e+00
1.402343750000000000e+00
1.031250000000000000e+00
8.012695312500000000e-01
-3.933105468750000000e-01
2.541503906250000000e-01
1.099609375000000000e+00
-2.328125000000000000e+00
-1.556640625000000000e+00
-4.207031250000000000e+00
1.407226562500000000e+00
-2.228515625000000000e+00
9.624023437500000000e-01
3.405761718750000000e-01
-6.406250000000000000e-01
4.470214843750000000e-01
1.592773437500000000e+00
-3.310546875000000000e-01
-5.361328125000000000e-01
1.876220703125000000e-01
1.429687500000000000e+00
1.764648437500000000e+00
-8.549804687500000000e-01
7.348632812500000000e-01
-1.983642578125000000e-01
-2.810546875000000000e+00
-1.437500000000000000e+00
-1.534423828125000000e-01
-1.598632812500000000e+00
-8.447265625000000000e-01
3.881835937500000000e-01
5.062866210937500000e-02
3.747558593750000000e-01
-2.417968750000000000e+00
-1.655273437500000000e+00
1.533203125000000000e+00
-1.443359375000000000e+00
-2.289062500000000000e+00
1.491699218750000000e-01
-1.292968750000000000e+00
1.043701171875000000e-01
4.462890625000000000e-01
8.413085937500000000e-01
1.093750000000000000e+00
1.915039062500000000e+00
-4.289062500000000000e+00
-3.964843750000000000e-01
-6.669921875000000000e-01
-3.391113281250000000e-01
-2.451171875000000000e+00
-2.242187500000000000e+00
3.060546875000000000e+00
2.117187500000000000e+00
-7.475585937500000000e-01
-4.716796875000000000e-01
1.802978515625000000e-01
8.300781250000000000e-01
-1.751953125000000000e+00
1.851562500000000000e+00
2.744140625000000000e+00
-8.221435546875000000e-02
1.718750000000000000e+00
1.073242187500000000e+00
-1.143554687500000000e+00
1.109375000000000000e+00
6.206054687500000000e-01
5.317382812500000000e-01
-1.882812500000000000e+00
8.867187500000000000e-01
-3.698348999023437500e-03
-4.938964843750000000e-01
-9.594726562500000000e-02
-1.726562500000000000e+00
8.281250000000000000e-01
-7.001953125000000000e-01
2.193359375000000000e+00
-6.010742187500000000e-01
-1.446289062500000000e+00
1.710937500000000000e+00
-3.710937500000000000e-01
1.361328125000000000e+00
-5.107421875000000000e-01
-1.956787109375000000e-01
-1.698242187500000000e+00
4.736328125000000000e-01
-1.891601562500000000e+00
-3.403320312500000000e-01
-2.413940429687500000e-02
1.556640625000000000e+00
-2.980957031250000000e-01
1.136718750000000000e+00
-9.594726562500000000e-01
-1.166015625000000000e+00
9.594726562500000000e-01
8.441162109375000000e-02
1.893554687500000000e+00
2.035156250000000000e+00
1.403320312500000000e+00
-1.069335937500000000e+00
1.428222656250000000e-01
-3.060546875000000000e+00
3.315429687500000000e-01
-7.719726562500000000e-01
-4.189453125000000000e-01
7.785797119140625000e-03
-2.369140625000000000e+00
2.447509765625000000e-01
4.541015625000000000e-01
-2.199218750000000000e+00
-8.515625000000000000e-01
-2.843750000000000000e+00
1.113281250000000000e+00
2.195312500000000000e+00
1.375000000000000000e+00
2.570312500000000000e+00
-7.226562500000000000e-01
9.218750000000000000e-01
-3.303222656250000000e-01
1.945800781250000000e-01
2.378906250000000000e+00
1.853515625000000000e+00
1.733398437500000000e+00
9.697265625000000000e-01
-1.325195312500000000e+00
4.274902343750000000e-01
-2.156250000000000000e+00
-4.802246093750000000e-01
2.306640625000000000e+00
-1.918945312500000000e+00
1.563476562500000000e+00
1.400390625000000000e+00
-1.839843750000000000e+00
5.292968750000000000e-01
2.253906250000000000e+00
-1.656250000000000000e+00
-2.175781250000000000e+00
1.325683593750000000e-01
2.082031250000000000e+00
3.732910156250000000e-01
2.970886230468750000e-02
8.325195312500000000e-01
5.097656250000000000e-01
3.066406250000000000e-01
7.709960937500000000e-01
-2.912109375000000000e+00
3.076171875000000000e+00
4.018554687500000000e-01
-1.280273437500000000e+00
-3.596191406250000000e-01
-2.193359375000000000e+00
8.905029296875000000e-02
-6.479492187500000000e-01
-2.169189453125000000e-01
5.258789062500000000e-01
-6.357421875000000000e-01
1.083984375000000000e-01
6.850585937500000000e-01
-2.910156250000000000e-01
-8.393554687500000000e-01
2.720703125000000000e+00
1.195312500000000000e+00
-8.305664062500000000e-01
-3.881835937500000000e-01
2.007812500000000000e+00
-4.626464843750000000e-01
1.142578125000000000e+00
1.474609375000000000e+00
-4.628906250000000000e+00
