8.374023437500000000e-01
-3.322265625000000000e+00
1.866455078125000000e-01
1.644531250000000000e+00
-1.572265625000000000e+00
5.668945312500000000e-01
1.894531250000000000e-01
9.069824218750000000e-02
6.025390625000000000e-01
-1.031250000000000000e+00
6.801757812500000000e-01
1.752929687500000000e-01
-1.599121093750000000e-01
-1.481445312500000000e+00
5.942382812500000000e-01
-9.565429687500000000e-01
-5.893554687500000000e-01
-6.376953125000000000e-01
1.741210937500000000e+00
-2.480468750000000000e-01
2.041015625000000000e+00
1.824951171875000000e-01
3.669433593750000000e-01
2.076416015625000000e-01
-1.020812988281250000e-02
-8.144531250000000000e-01
9.907226562500000000e-01
-3.559570312500000000e-01
-8.154296875000000000e-01
1.222656250000000000e+00
-7.480468750000000000e-01
-1.197265625000000000e+00
4.511718750000000000e-01
-2.072265625000000000e+00
9.003906250000000000e-01
-2.486572265625000000e-01
-1.343750000000000000e+00
7.016601562500000000e-01
-3.076171875000000000e-01
-5.239257812500000000e-01
1.598632812500000000e+00
-7.509765625000000000e-01
-2.166748046875000000e-02
-1.010742187500000000e+00
1.107421875000000000e+00
1.869140625000000000e+00
4.587402343750000000e-01
-1.036132812500000000e+00
-7.739257812500000000e-01
1.332031250000000000e+00
1.309570312500000000e+00
-9.321289062500000000e-01
-2.398437500000000000e+00
1.479492187500000000e+00
9.770507812500000000e-01
7.519531250000000000e-02
-2.379150390625000000e-01
5.322265625000000000e-01
2.964782714843750000e-02
-6.450195312500000000e-01
-2.593750000000000000e+00
8.613281250000000000e-01
3.518066406250000000e-01
1.213867187500000000e+00
-4.433593750000000000e-01
-2.181640625000000000e+00
-4.604492187500000000e-01
1.923828125000000000e-01
-1.925048828125000000e-01
-9.443359375000000000e-01
-2.041015625000000000e+00
4.831542968750000000e-01
5.078125000000000000e-01
-3.825683593750000000e-01
2.164062500000000000e+00
-1.422119140625000000e-01
1.770507812500000000e+00
4.467773437500000000e-01
-2.866210937500000000e-01
-1.478515625000000000e+00
-2.478515625000000000e+00
1.340820312500000000e+00
2.873535156250000000e-01
2.459716796875000000e-01
9.472656250000000000e-01
6.884765625000000000e-01
5.795898437500000000e-01
1.315429687500000000e+00
8.818359375000000000e-01
-3.330078125000000000e-01
5.419921875000000000e-01
4.538574218750000000e-01
7.866210937500000000e-01
2.155761718750000000e-01
-7.836914062500000000e-01
-7.275390625000000000e-01
1.726074218750000000e-01
-2.238281250000000000e+00
2.607421875000000000e+00
1.738281250000000000e+00
7.758789062500000000e-01
-1.795898437500000000e+00
-2.207031250000000000e-01
5.380859375000000000e-01
-4.074707031250000000e-01
-1.458007812500000000e+00
2.013671875000000000e+00
-8.847656250000000000e-01
-1.060546875000000000e+00
6.860351562500000000e-01
1.134765625000000000e+00
2.658203125000000000e+00
4.716796875000000000e-01
-4.182128906250000000e-01
2.357421875000000000e+00
-1.878906250000000000e+00
1.403808593750000000e-01
2.611328125000000000e+00
6.972656250000000000e-01
2.468750000000000000e+00
7.119140625000000000e-01
1.717773437500000000e+00
-7.929687500000000000e-01
-4.760742187500000000e-01
-1.998046875000000000e+00
-2.582031250000000000e+00
-3.161621093750000000e-01
-3.610839843750000000e-01
-2.144531250000000000e+00
-7.685546875000000000e-01
-2.153320312500000000e-01
2.566406250000000000e+00
8.798828125000000000e-01
6.044921875000000000e-01
-5.878906250000000000e-01
1.108398437500000000e+00
5.844726562500000000e-01
-9.194335937500000000e-01
9.257812500000000000e-01
6.230468750000000000e-01
-3.564453125000000000e-01
1.937500000000000000e+00
5.390625000000000000e-01
-1.678710937500000000e+00
-1.440429687500000000e+00
3.273437500000000000e+00
-1.503753662109375000e-02
-2.000427246093750000e-02
-1.313476562500000000e+00
3.205566406250000000e-01
-5.385742187500000000e-01
2.019531250000000000e+00
-8.774414062500000000e-01
2.753906250000000000e-01
-9.726562500000000000e-01
-6.357421875000000000e-01
-8.489990234375000000e-02
1.638671875000000000e+00
-5.605468750000000000e-01
-7.387695312500000000e-01
-7.578125000000000000e-01
1.029296875000000000e+00
1.296875000000000000e+00
8.740234375000000000e-02
1.370117187500000000e+00
-3.183593750000000000e-01
-1.648437500000000000e+00
6.069335937500000000e-01
-1.654296875000000000e+00
-9.375000000000000000e-01
-1.559570312500000000e+00
8.544921875000000000e-01
-2.294921875000000000e+00
1.185546875000000000e+00
-1.002929687500000000e+00
6.391601562500000000e-01
-1.849609375000000000e+00
-2.464843750000000000e+00
-1.623046875000000000e+00
-1.822265625000000000e+00
-9.404296875000000000e-01
7.537841796875000000e-03
4.182128906250000000e-01
1.244140625000000000e+00
2.257812500000000000e+00
-2.941894531250000000e-02
-9.936523437500000000e-01
-1.464843750000000000e+00
6.464843750000000000e-01
-5.312500000000000000e-01
2.533203125000000000e+00
-2.763671875000000000e+00
1.165039062500000000e+00
-1.481933593750000000e-01
6.070312500000000000e+00
-2.437500000000000000e+00
5.825195312500000000e-01
5.810546875000000000e-01
-4.448242187500000000e-01
-1.377929687500000000e+00
-2.825927734375000000e-02
3.039062500000000000e+00
-2.181640625000000000e+00
2.178955078125000000e-01
-7.001953125000000000e-01
2.041015625000000000e+00
2.830078125000000000e+00
1.065429687500000000e+00
1.807617187500000000e+00
-7.270507812500000000e-01
-1.250000000000000000e+00
-1.284179687500000000e+00
1.012695312500000000e+00
1.339843750000000000e+00
6.513671875000000000e-01
-8.383789062500000000e-01
1.771484375000000000e+00
-7.714843750000000000e-01
-1.085937500000000000e+00
-1.875000000000000000e-01
3.769531250000000000e-01
2.250976562500000000e-01
-2.824707031250000000e-01
4.292968750000000000e+00
7.050781250000000000e-01
-6.157226562500000000e-01
-1.243164062500000000e+00
3.074218750000000000e+00
9.082031250000000000e-02
1.805664062500000000e+00
-7.968750000000000000e-01
3.704071044921875000e-03
1.106445312500000000e+00
6.586914062500000000e-01
-1.701171875000000000e+00
-2.307128906250000000e-02
1.213867187500000000e+00
-3.161621093750000000e-01
1.583251953125000000e-01
-9.096679687500000000e-01
2.305908203125000000e-01
-1.741943359375000000e-01
-5.546875000000000000e-01
-1.183593750000000000e+01
-2.742187500000000000e+00
5.058593750000000000e-01
1.580810546875000000e-01
-3.403320312500000000e-01
-2.849121093750000000e-01
1.997070312500000000e-01
-1.384765625000000000e+00
-4.038085937500000000e-01
-1.604492187500000000e+00
-1.569335937500000000e+00
-4.244995117187500000e-02
-2.324218750000000000e-01
-1.646484375000000000e+00
-1.642578125000000000e+00
-6.914062500000000000e-01
2.174072265625000000e-01
-2.122802734375000000e-01
-1.699218750000000000e+00
4.602050781250000000e-01
-3.295898437500000000e-01
-4.650878906250000000e-01
-1.942138671875000000e-01
-5.683593750000000000e-01
3.408203125000000000e-01
-8.803710937500000000e-01
-7.719726562500000000e-01
6.108398437500000000e-01
-3.111328125000000000e+00
2.242431640625000000e-01
2.005859375000000000e+00
7.220458984375000000e-02
-1.035156250000000000e+00
-1.224609375000000000e+00
1.565429687500000000e+00
-1.806640625000000000e+00
1.329101562500000000e+00
-1.208496093750000000e-01
-1.379882812500000000e+00
1.907958984375000000e-01
2.296875000000000000e+00
4.887695312500000000e-01
6.738281250000000000e-02
2.220703125000000000e+00
-2.369140625000000000e+00
-3.715820312500000000e-01
-2.105468750000000000e+00
-7.055664062500000000e-01
-5.834960937500000000e-01
1.180664062500000000e+00
-1.535644531250000000e-01
-5.134582519531250000e-03
-1.548828125000000000e+00
-3.896484375000000000e-01
2.709960937500000000e-01
-9.624023437500000000e-01
-1.457031250000000000e+00
5.278320312500000000e-01
-1.153320312500000000e+00
-8.393554687500000000e-01
-1.637695312500000000e+00
-1.477539062500000000e+00
-1.437377929687500000e-02
1.651000976562500000e-02
1.867187500000000000e+00
1.486328125000000000e+00
3.640136718750000000e-01
-1.094055175781250000e-02
-1.280273437500000000e+00
-6.630859375000000000e-01
-3.093750000000000000e+00
-9.213867187500000000e-01
-1.260742187500000000e+00
-1.151367187500000000e+00
3.448486328125000000e-02
-1.748046875000000000e+00
1.671875000000000000e+00
-1.115234375000000000e+00
8.437500000000000000e-01
1.277343750000000000e+00
-1.579101562500000000e+00
1.395507812500000000e+00
1.375732421875000000e-01
2.015625000000000000e+00
1.401367187500000000e-01
3.798828125000000000e-01
-1.027343750000000000e+00
3.505859375000000000e-01
-3.395996093750000000e-01
1.599609375000000000e+00
-1.483154296875000000e-01
4.484863281250000000e-01
1.255859375000000000e+00
-1.686523437500000000e+00
1.418945312500000000e+00
1.085815429687500000e-01
1.684570312500000000e+00
5.844726562500000000e-01
1.489257812500000000e-01
5.697631835937500000e-02
2.192687988281250000e-02
-3.325195312500000000e-01
-1.994140625000000000e+00
1.312500000000000000e+00
9.848632812500000000e-01
-2.100830078125000000e-01
1.110839843750000000e-01
1.688476562500000000e+00
4.848632812500000000e-01
-1.185546875000000000e+00
1.881835937500000000e+00
8.603515625000000000e-01
9.340820312500000000e-01
3.305664062500000000e-01
-4.379882812500000000e-01
7.656250000000000000e-01
2.777343750000000000e+00
-6.806640625000000000e-01
4.309082031250000000e-01
7.558593750000000000e-01
2.724609375000000000e-01
1.007812500000000000e+00
-1.547851562500000000e+00
4.030761718750000000e-01
-1.884765625000000000e+00
-1.056640625000000000e+00
1.655273437500000000e+00
-1.211914062500000000e+00
3.874511718750000000e-01
-9.930419921875000000e-02
5.800781250000000000e-01
-4.506835937500000000e-01
-4.277343750000000000e-01
-1.607421875000000000e+00
-1.751953125000000000e+00
-3.598632812500000000e-01
-2.531250000000000000e+00
-6.557617187500000000e-01
5.581054687500000000e-01
-1.022338867187500000e-01
-1.093750000000000000e+00
3.969726562500000000e-01
-1.059570312500000000e-01
6.650390625000000000e-01
8.422851562500000000e-01
3.793945312500000000e-01
5.874633789062500000e-02
1.512695312500000000e+00
-2.766113281250000000e-01
-8.095703125000000000e-01
-2.095703125000000000e+00
-1.687500000000000000e+00
-8.134765625000000000e-01
-1.386718750000000000e-01
5.502929687500000000e-01
1.013671875000000000e+00
4.355468750000000000e+00
9.785156250000000000e-01
3.703613281250000000e-01
1.030883789062500000e-01
1.291992187500000000e+00
2.648437500000000000e+00
6.367187500000000000e-01
1.409179687500000000e+00
-1.608398437500000000e+00
-3.164062500000000000e-01
1.666259765625000000e-01
-4.218750000000000000e-01
-8.027343750000000000e-01
1.486328125000000000e+00
-1.459960937500000000e+00
7.000732421875000000e-02
3.601074218750000000e-02
-2.106933593750000000e-01
-1.008789062500000000e+00
1.236724853515625000e-02
1.749023437500000000e+00
-3.535156250000000000e-01
2.025390625000000000e+00
-1.008789062500000000e+00
1.542968750000000000e+00
-9.692382812500000000e-01
1.059570312500000000e+00
-9.785156250000000000e-01
-7.846679687500000000e-01
-3.837890625000000000e-01
-1.809082031250000000e-01
-5.732421875000000000e-01
1.624023437500000000e+00
-3.292846679687500000e-02
-3.498535156250000000e-01
-8.999023437500000000e-01
-9.370117187500000000e-01
5.766601562500000000e-01
-3.981933593750000000e-01
-5.258789062500000000e-01
-5.546875000000000000e-01
6.147460937500000000e-01
-1.688476562500000000e+00
-1.940917968750000000e-01
1.559570312500000000e+00
-2.502441406250000000e-01
1.042968750000000000e+00
1.305664062500000000e+00
-1.949218750000000000e+00
6.357421875000000000e-01
5.688476562500000000e-01
-1.209960937500000000e+00
-1.072265625000000000e+00
1.995117187500000000e+00
1.558593750000000000e+00
-1.928710937500000000e+00
-1.876953125000000000e+00
9.600830078125000000e-02
8.193359375000000000e-01
-1.404296875000000000e+00
7.788085937500000000e-01
1.765625000000000000e+00
1.816406250000000000e-01
-1.655273437500000000e+00
1.794921875000000000e+00
1.211547851562500000e-01
-1.791015625000000000e+00
4.084472656250000000e-01
1.610107421875000000e-01
1.161132812500000000e+00
4.377441406250000000e-01
1.566406250000000000e+00
-4.299316406250000000e-01
-1.473632812500000000e+00
1.802734375000000000e+00
-2.355468750000000000e+00
-4.648437500000000000e-01
-1.641601562500000000e+00
1.975585937500000000e+00
-1.520996093750000000e-01
1.074218750000000000e+00
-2.735900878906250000e-02
-2.303466796875000000e-01
7.036132812500000000e-01
5.380859375000000000e-01
-1.357421875000000000e+00
9.135742187500000000e-01
1.296875000000000000e+00
-5.546875000000000000e-01
1.336914062500000000e+00
-1.380859375000000000e+00
-8.388671875000000000e-01
-9.985351562500000000e-01
-1.021575927734375000e-02
-1.206054687500000000e+00
-8.188476562500000000e-01
4.641113281250000000e-01
-2.839843750000000000e+00
1.149414062500000000e+00
5.180664062500000000e-01
3.747558593750000000e-01
-1.837158203125000000e-01
8.852539062500000000e-01
-1.406250000000000000e+00
1.456054687500000000e+00
-5.238281250000000000e+00
4.047851562500000000e-01
9.970703125000000000e-01
1.617187500000000000e+00
1.753906250000000000e+00
2.032470703125000000e-01
-9.755859375000000000e-01
4.287719726562500000e-02
6.044921875000000000e-01
1.764648437500000000e+00
-2.013671875000000000e+00
1.290039062500000000e+00
1.915039062500000000e+00
-3.234863281250000000e-01
4.577636718750000000e-01
8.266601562500000000e-01
-4.731445312500000000e-01
-1.882812500000000000e+00
3.902343750000000000e+00
-2.171875000000000000e+00
7.167968750000000000e-01
4.553222656250000000e-01
-1.321289062500000000e+00
2.287597656250000000e-01
-1.955566406250000000e-01
-1.650390625000000000e+00
2.751464843750000000e-01
2.599609375000000000e+00
9.121093750000000000e-01
1.627929687500000000e+00
4.311523437500000000e-01
1.106445312500000000e+00
-5.483398437500000000e-01
-7.377929687500000000e-01
-8.745117187500000000e-01
1.652343750000000000e+00
-1.512451171875000000e-01
-1.118164062500000000e+00
5.595703125000000000e-01
-2.216796875000000000e-01
1.577148437500000000e+00
3.698730468750000000e-01
-3.585815429687500000e-02
-1.212890625000000000e+00
-4.189453125000000000e-01
8.012695312500000000e-01
1.539062500000000000e+00
1.470703125000000000e+00
-5.761718750000000000e-01
6.572265625000000000e-01
-1.976013183593750000e-02
-2.115234375000000000e+00
-1.169921875000000000e+00
3.872070312500000000e-01
5.605468750000000000e-01
-9.658203125000000000e-01
-2.172851562500000000e-02
-1.145507812500000000e+00
7.563476562500000000e-01
8.735351562500000000e-01
7.012939453125000000e-02
4.267578125000000000e-01
2.013671875000000000e+00
-1.170898437500000000e+00
6.076049804687500000e-02
3.093261718750000000e-01
7.055664062500000000e-01
-1.608398437500000000e+00
1.250976562500000000e+00
-3.265380859375000000e-02
2.802734375000000000e+00
6.728515625000000000e-01
-7.983398437500000000e-01
9.750976562500000000e-01
1.189575195312500000e-01
-1.312500000000000000e+00
-9.320068359375000000e-02
-1.126953125000000000e+00
-2.709960937500000000e-01
4.522705078125000000e-02
9.365234375000000000e-01
-1.040039062500000000e-01
-1.401367187500000000e+00
4.941406250000000000e-01
-1.861328125000000000e+00
-1.032226562500000000e+00
-3.088378906250000000e-01
5.380859375000000000e-01
1.254882812500000000e+00
1.122070312500000000e+00
5.792968750000000000e+00
2.542968750000000000e+00
-7.226562500000000000e-01
7.788085937500000000e-01
-1.028320312500000000e+00
5.195312500000000000e-01
-1.088867187500000000e+00
3.527832031250000000e-01
-2.136230468750000000e-01
-1.921875000000000000e+00
1.972656250000000000e+00
-5.693359375000000000e-01
-1.375000000000000000e+00
1.095703125000000000e+00
-2.226562500000000000e+00
2.835083007812500000e-02
-1.516601562500000000e+00
1.835937500000000000e-01
4.241943359375000000e-02
-1.142578125000000000e+00
-1.374023437500000000e+00
8.764648437500000000e-01
1.289062500000000000e+00
9.887695312500000000e-02
-1.008789062500000000e+00
-1.622070312500000000e+00
-1.049804687500000000e+00
-1.657714843750000000e-01
9.428710937500000000e-01
8.032226562500000000e-01
7.319335937500000000e-01
1.246093750000000000e+00
-5.996093750000000000e-01
6.098632812500000000e-01
-3.081054687500000000e-01
1.045898437500000000e+00
3.469238281250000000e-01
-1.378906250000000000e+00
2.251953125000000000e+00
9.453125000000000000e-01
-2.326171875000000000e+00
-3.208007812500000000e-01
-1.129760742187500000e-01
8.012695312500000000e-01
-2.226562500000000000e+00
1.125000000000000000e+00
7.714843750000000000e-01
-5.595703125000000000e-01
1.075195312500000000e+00
1.237304687500000000e+00
1.250976562500000000e+00
3.767089843750000000e-01
6.279296875000000000e-01
9.853515625000000000e-01
-1.135742187500000000e+00
3.745117187500000000e-01
3.732910156250000000e-01
-1.113281250000000000e+00
9.189453125000000000e-01
1.127929687500000000e+00
-1.341552734375000000e-01
1.019897460937500000e-01
2.202148437500000000e-01
-9.213867187500000000e-01
5.888671875000000000e-01
-7.421875000000000000e-01
-1.047851562500000000e+00
6.640625000000000000e-01
1.460937500000000000e+00
-1.094726562500000000e+00
1.301269531250000000e-01
-8.500976562500000000e-01
-2.941894531250000000e-01
-1.063476562500000000e+00
1.711425781250000000e-01
-2.693359375000000000e+00
9.882812500000000000e-01
6.777343750000000000e-01
4.279785156250000000e-01
-3.762817382812500000e-02
-2.195312500000000000e+00
1.054687500000000000e+00
5.776367187500000000e-01
-2.318359375000000000e+00
1.659179687500000000e+00
1.012695312500000000e+00
-1.536132812500000000e+00
-1.606445312500000000e-01
-1.975585937500000000e+00
-1.520507812500000000e+00
2.228515625000000000e+00
2.468261718750000000e-01
-9.179687500000000000e-01
6.479492187500000000e-01
-8.090820312500000000e-01
2.523437500000000000e+00
4.006958007812500000e-02
-5.820312500000000000e-01
-6.118164062500000000e-01
4.479980468750000000e-02
7.260742187500000000e-01
-3.642578125000000000e+00
1.021484375000000000e+00
8.984375000000000000e-01
1.865234375000000000e+00
-3.339843750000000000e-01
-6.762695312500000000e-01
-3.664550781250000000e-01
5.996093750000000000e-01
1.604003906250000000e-01
-4.689941406250000000e-01
9.965820312500000000e-01
6.570312500000000000e+00
6.304931640625000000e-02
7.963867187500000000e-01
2.634765625000000000e+00
-1.902343750000000000e+00
1.437500000000000000e+00
-1.135742187500000000e+00
1.741943359375000000e-01
-1.042968750000000000e+00
9.407043457031250000e-03
-2.097656250000000000e+00
1.160156250000000000e+00
-3.547363281250000000e-01
2.134765625000000000e+00
-3.854980468750000000e-01
-1.023437500000000000e+00
-2.697265625000000000e+00
1.446533203125000000e-01
1.580078125000000000e+00
1.505859375000000000e+00
-7.348632812500000000e-01
3.710937500000000000e+00
1.901855468750000000e-01
-5.585937500000000000e-01
1.832031250000000000e+00
1.566406250000000000e+00
1.016845703125000000e-01
-1.677734375000000000e+00
2.257812500000000000e+00
1.232421875000000000e+00
-9.930419921875000000e-02
1.268554687500000000e+00
4.812011718750000000e-01
-1.202148437500000000e+00
-1.558593750000000000e+00
1.041992187500000000e+00
8.746337890625000000e-02
-4.755859375000000000e-01
-2.435302734375000000e-01
-1.193359375000000000e+00
-2.394531250000000000e+00
9.931640625000000000e-01
4.116210937500000000e-01
6.040039062500000000e-01
1.801757812500000000e+00
2.052307128906250000e-02
-1.654296875000000000e+00
5.688476562500000000e-01
6.005859375000000000e-02
1.520507812500000000e+00
-5.927734375000000000e-01
1.169921875000000000e+00
-2.980957031250000000e-01
-1.719726562500000000e+00
-5.937500000000000000e-01
-2.591796875000000000e+00
-1.515625000000000000e+00
1.576171875000000000e+00
-7.041015625000000000e-01
3.769531250000000000e-01
-8.276367187500000000e-01
-6.166992187500000000e-01
-1.920898437500000000e+00
2.324218750000000000e-01
1.156250000000000000e+00
1.237304687500000000e+00
-8.599853515625000000e-02
8.163452148437500000e-03
1.916503906250000000e-01
-5.476562500000000000e+00
-1.403320312500000000e+00
1.174804687500000000e+00
-1.362304687500000000e-01
-4.423828125000000000e-01
6.274414062500000000e-01
1.639648437500000000e+00
-7.304687500000000000e-01
-8.818359375000000000e-01
-8.681640625000000000e-01
-9.589843750000000000e-01
8.891601562500000000e-01
-3.511718750000000000e+00
-3.883361816406250000e-03
-1.748046875000000000e-01
2.315673828125000000e-01
5.375976562500000000e-01
-9.658203125000000000e-01
-1.530273437500000000e+00
5.371093750000000000e-01
1.078125000000000000e+00
1.020507812500000000e+00
1.670898437500000000e+00
-1.312500000000000000e+00
-1.937255859375000000e-01
2.954101562500000000e-01
2.560546875000000000e+00
-7.377929687500000000e-01
-2.001953125000000000e+00
-1.055664062500000000e+00
-4.001464843750000000e-01
1.304687500000000000e+00
-3.080749511718750000e-02
5.947265625000000000e-01
-4.943847656250000000e-01
-1.676757812500000000e+00
3.031250000000000000e+00
3.509521484375000000e-02
1.521484375000000000e+00
5.087890625000000000e-01
1.218750000000000000e+00
1.234375000000000000e+00
1.666259765625000000e-01
1.425781250000000000e+00
5.976562500000000000e-01
-1.177734375000000000e+00
-9.409179687500000000e-01
7.260742187500000000e-01
1.483398437500000000e+00
-8.168945312500000000e-01
1.460937500000000000e+00
7.319335937500000000e-01
9.819335937500000000e-01
-5.908203125000000000e-01
1.326171875000000000e+00
1.967773437500000000e+00
1.000976562500000000e+00
-1.641845703125000000e-01
-8.325195312500000000e-01
-8.500976562500000000e-01
1.919921875000000000e+00
2.537109375000000000e+00
8.847656250000000000e-01
-1.049194335937500000e-01
-7.470703125000000000e-01
-1.128906250000000000e+00
-1.141601562500000000e+00
-7.089843750000000000e-01
2.642578125000000000e+00
3.640136718750000000e-01
8.974609375000000000e-01
1.575195312500000000e+00
5.937500000000000000e-01
-1.248046875000000000e+00
8.159179687500000000e-01
1.313476562500000000e+00
-5.585937500000000000e-01
1.300781250000000000e+00
3.886718750000000000e+00
1.276367187500000000e+00
-9.921875000000000000e-01
1.456054687500000000e+00
-1.644531250000000000e+00
-6.025390625000000000e-01
8.896484375000000000e-01
-8.281250000000000000e-01
1.300781250000000000e+00
-1.534179687500000000e+00
1.105468750000000000e+00
-3.518066406250000000e-01
-4.614257812500000000e-01
-9.233398437500000000e-01
-3.967285156250000000e-01
-8.227539062500000000e-01
9.619140625000000000e-01
2.595214843750000000e-01
-6.083984375000000000e-01
4.108886718750000000e-01
7.211914062500000000e-01
2.072265625000000000e+00
-1.976562500000000000e+00
-1.376342773437500000e-02
1.991210937500000000e+00
2.824707031250000000e-01
-4.089355468750000000e-01
1.815429687500000000e+00
1.083007812500000000e+00
6.489257812500000000e-01
-2.504882812500000000e-01
-7.460937500000000000e-01
-7.983398437500000000e-01
-3.623046875000000000e-01
2.546386718750000000e-01
1.299804687500000000e+00
4.963378906250000000e-01
-4.829101562500000000e-01
3.674316406250000000e-02
1.668945312500000000e+00
1.404296875000000000e+00
7.037353515625000000e-02
-1.159179687500000000e+00
1.125000000000000000e+00
1.525390625000000000e+00
-6.435546875000000000e-01
1.011718750000000000e+00
-2.574218750000000000e+00
-7.886718750000000000e+00
3.735351562500000000e-01
-1.250976562500000000e+00
1.294921875000000000e+00
1.302734375000000000e+00
-3.010253906250000000e-01
6.359863281250000000e-02
-1.669921875000000000e+00
1.045898437500000000e+00
-7.675781250000000000e-01
1.175781250000000000e+00
-1.348632812500000000e+00
4.653320312500000000e-01
2.519531250000000000e-01
-9.067382812500000000e-01
1.072265625000000000e+00
-1.485351562500000000e+00
-3.896484375000000000e+00
-1.467773437500000000e+00
-1.254882812500000000e+00
4.431152343750000000e-02
6.586914062500000000e-01
1.191406250000000000e+00
-2.367187500000000000e+00
1.273437500000000000e+00
-3.679199218750000000e-01
1.523437500000000000e+00
-4.011230468750000000e-01
-3.460937500000000000e+00
7.304687500000000000e-01
-1.264648437500000000e+00
-1.191406250000000000e+00
9.565429687500000000e-01
-6.469726562500000000e-01
7.290039062500000000e-01
-1.026367187500000000e+00
-9.882812500000000000e-01
7.290039062500000000e-01
1.509765625000000000e+00
6.445312500000000000e-01
-1.459960937500000000e+00
2.539062500000000000e+00
-1.485351562500000000e+00
2.233886718750000000e-01
-1.435546875000000000e+00
8.886718750000000000e-01
-1.516601562500000000e+00
-9.780273437500000000e-01
-7.275390625000000000e-01
-1.837890625000000000e+00
4.509277343750000000e-01
3.265625000000000000e+00
-1.005859375000000000e+00
4.035644531250000000e-01
-1.276367187500000000e+00
5.222656250000000000e+00
1.160156250000000000e+00
-1.693359375000000000e+00
1.492919921875000000e-01
8.515625000000000000e-01
-7.548828125000000000e-01
8.886718750000000000e-01
-8.310546875000000000e-01
-7.885742187500000000e-01
-2.646484375000000000e-01
-2.551269531250000000e-02
-3.796386718750000000e-01
2.980957031250000000e-01
2.019042968750000000e-01
5.282592773437500000e-02
-4.821777343750000000e-01
5.252075195312500000e-02
-1.454101562500000000e+00
4.619140625000000000e-01
1.132812500000000000e+00
-1.616210937500000000e-01
3.046875000000000000e+00
6.903076171875000000e-02
-6.879882812500000000e-01
8.286132812500000000e-01
-8.432617187500000000e-01
-1.138671875000000000e+00
-4.670410156250000000e-01
1.781005859375000000e-01
2.844238281250000000e-01
-1.480468750000000000e+00
2.539062500000000000e-01
9.243164062500000000e-01
9.970703125000000000e-01
-1.046875000000000000e+00
-1.889648437500000000e-01
7.622070312500000000e-01
-8.671875000000000000e-01
1.150390625000000000e+00
-2.232421875000000000e+00
2.020263671875000000e-01
3.554687500000000000e-01
-1.707031250000000000e+00
1.306152343750000000e-01
5.131835937500000000e-01
1.662109375000000000e+00
-7.373046875000000000e-01
1.141601562500000000e+00
6.030273437500000000e-01
1.290039062500000000e+00
-8.354492187500000000e-01
-1.004028320312500000e-01
-1.220703125000000000e+00
4.113281250000000000e+00
-9.265136718750000000e-02
8.505859375000000000e-01
-6.191406250000000000e-01
2.033203125000000000e+00
1.125000000000000000e+00
3.085937500000000000e-01
1.003906250000000000e+00
-2.390625000000000000e+00
-1.887695312500000000e+00
2.781250000000000000e+00
2.970703125000000000e+00
1.574218750000000000e+00
1.022460937500000000e+00
-2.878417968750000000e-01
