2.275390625000000000e+00
-2.355468750000000000e+00
7.373046875000000000e-01
1.566406250000000000e+00
-1.844726562500000000e+00
-3.503417968750000000e-01
1.173828125000000000e+00
-6.499023437500000000e-01
1.915039062500000000e+00
-2.210937500000000000e+00
-1.196289062500000000e+00
1.550781250000000000e+00
-1.433593750000000000e+00
-7.822265625000000000e-01
2.070312500000000000e+00
-1.875000000000000000e+00
-9.926757812500000000e-01
-9.189453125000000000e-01
1.035156250000000000e+00
-1.189453125000000000e+00
2.210937500000000000e+00
4.946289062500000000e-01
1.937255859375000000e-01
4.724121093750000000e-01
1.110351562500000000e+00
-1.535156250000000000e+00
1.265625000000000000e+00
7.330322265625000000e-02
-7.036132812500000000e-01
-1.334228515625000000e-01
1.518554687500000000e-01
6.542968750000000000e-01
1.168945312500000000e+00
-1.432617187500000000e+00
1.917968750000000000e+00
-2.138671875000000000e+00
-2.125000000000000000e+00
1.494407653808593750e-03
-7.451171875000000000e-01
-1.526367187500000000e+00
6.420898437500000000e-01
-3.032226562500000000e-01
8.666992187500000000e-01
-3.900146484375000000e-02
1.387695312500000000e+00
2.007812500000000000e+00
2.495117187500000000e-01
3.781738281250000000e-01
-1.074218750000000000e-01
1.133789062500000000e+00
2.201171875000000000e+00
-1.878906250000000000e+00
-3.265625000000000000e+00
2.333984375000000000e+00
4.638671875000000000e-01
1.775390625000000000e+00
6.479492187500000000e-01
1.275634765625000000e-01
5.117187500000000000e-01
2.800781250000000000e+00
-2.158203125000000000e-01
-8.925781250000000000e-01
2.601562500000000000e+00
-1.750000000000000000e+00
2.790527343750000000e-01
-2.693359375000000000e+00
-2.929687500000000000e-01
-7.412109375000000000e-01
3.398437500000000000e-01
1.706054687500000000e+00
-2.783203125000000000e+00
3.449707031250000000e-01
1.230468750000000000e+00
-5.751953125000000000e-01
7.451171875000000000e-01
-1.541992187500000000e+00
1.395507812500000000e+00
1.918945312500000000e-01
-7.456054687500000000e-01
-1.068725585937500000e-01
-2.923828125000000000e+00
-1.151367187500000000e+00
1.317382812500000000e+00
4.077148437500000000e-01
-5.673828125000000000e-01
2.282714843750000000e-02
1.513671875000000000e+00
9.589843750000000000e-01
-9.140625000000000000e-01
1.123046875000000000e+00
1.063476562500000000e+00
8.779296875000000000e-01
1.571289062500000000e+00
-4.436035156250000000e-01
-9.477539062500000000e-01
-8.085937500000000000e-01
1.073242187500000000e+00
-6.547851562500000000e-01
2.205078125000000000e+00
2.990234375000000000e+00
-4.235839843750000000e-01
1.031250000000000000e+00
4.589843750000000000e-01
4.362792968750000000e-01
-7.651367187500000000e-01
-2.804687500000000000e+00
2.360534667968750000e-02
-2.677734375000000000e+00
-4.304199218750000000e-01
1.662109375000000000e+00
5.185546875000000000e-01
1.862304687500000000e+00
1.045898437500000000e+00
-1.580810546875000000e-01
1.400390625000000000e+00
-9.228515625000000000e-01
2.084960937500000000e-01
7.856445312500000000e-01
1.642578125000000000e+00
8.706054687500000000e-01
1.246093750000000000e+00
1.723632812500000000e+00
-6.796875000000000000e-01
-3.190917968750000000e-01
-1.595703125000000000e+00
-3.650390625000000000e+00
-1.745117187500000000e+00
-1.375000000000000000e+00
-1.608398437500000000e+00
-1.151367187500000000e+00
-1.307617187500000000e+00
2.388671875000000000e+00
2.265625000000000000e+00
9.541015625000000000e-01
-4.020996093750000000e-01
-3.156738281250000000e-01
9.980468750000000000e-01
-1.744140625000000000e+00
9.570312500000000000e-01
6.317138671875000000e-02
3.298339843750000000e-01
1.470703125000000000e+00
2.066406250000000000e+00
-2.099609375000000000e+00
-3.415527343750000000e-01
8.647460937500000000e-01
-7.769775390625000000e-02
-7.539062500000000000e-01
-2.285156250000000000e+00
-2.340087890625000000e-01
-5.014648437500000000e-01
2.279296875000000000e+00
5.908203125000000000e-01
9.677734375000000000e-01
4.868164062500000000e-01
2.436523437500000000e-01
3.762207031250000000e-01
6.694335937500000000e-01
7.812500000000000000e-01
-1.113281250000000000e+00
-8.266601562500000000e-01
-8.369140625000000000e-01
7.690429687500000000e-01
-1.774902343750000000e-01
1.239257812500000000e+00
9.379882812500000000e-01
-1.748046875000000000e+00
2.604980468750000000e-01
-5.053710937500000000e-01
1.149902343750000000e-01
3.166503906250000000e-01
1.229858398437500000e-01
-1.640625000000000000e+00
-3.693847656250000000e-01
9.008789062500000000e-02
8.637695312500000000e-01
-1.020507812500000000e+00
-2.093750000000000000e+00
-1.389648437500000000e+00
-1.283203125000000000e+00
-1.587890625000000000e+00
-9.892578125000000000e-01
-1.011718750000000000e+00
7.768554687500000000e-01
8.813476562500000000e-01
-8.813476562500000000e-01
-1.723632812500000000e+00
-1.110351562500000000e+00
1.349609375000000000e+00
-1.208007812500000000e+00
2.160156250000000000e+00
-1.549804687500000000e+00
6.826171875000000000e-01
1.223632812500000000e+00
7.261718750000000000e+00
-1.807617187500000000e+00
1.748046875000000000e+00
1.686523437500000000e+00
8.305664062500000000e-01
-7.226562500000000000e-01
5.341796875000000000e-01
1.878906250000000000e+00
-1.951171875000000000e+00
-1.779296875000000000e+00
-2.148437500000000000e-01
6.166992187500000000e-01
2.500000000000000000e+00
9.760742187500000000e-01
1.918945312500000000e+00
1.957702636718750000e-02
-1.771484375000000000e+00
3.701171875000000000e-01
7.617187500000000000e-01
1.293945312500000000e+00
1.145507812500000000e+00
-1.293945312500000000e+00
-2.570800781250000000e-01
8.051757812500000000e-01
-1.329101562500000000e+00
-6.757812500000000000e-01
1.961669921875000000e-01
-2.376708984375000000e-01
-8.330078125000000000e-01
3.777343750000000000e+00
-5.107421875000000000e-01
-9.511718750000000000e-01
7.807617187500000000e-01
-5.190429687500000000e-01
4.233398437500000000e-01
2.453125000000000000e+00
-1.833984375000000000e+00
8.359375000000000000e-01
1.203125000000000000e+00
9.918212890625000000e-02
-2.902343750000000000e+00
-5.083007812500000000e-01
1.083984375000000000e+00
1.767578125000000000e-01
-7.910156250000000000e-01
-1.226562500000000000e+00
-2.751953125000000000e+00
5.825195312500000000e-01
-1.246093750000000000e+00
-6.605468750000000000e+00
-4.941406250000000000e+00
1.146850585937500000e-01
-1.228637695312500000e-01
-1.200195312500000000e+00
-1.736328125000000000e+00
1.401367187500000000e-01
-5.839843750000000000e-01
9.248046875000000000e-01
-1.976562500000000000e+00
-1.464843750000000000e+00
-1.607666015625000000e-01
-8.471679687500000000e-01
-2.203125000000000000e+00
-1.155273437500000000e+00
2.153320312500000000e-01
-1.058593750000000000e+00
-6.889648437500000000e-01
-1.140625000000000000e+00
-1.782226562500000000e-02
-2.072265625000000000e+00
-1.231445312500000000e+00
-2.509765625000000000e-01
-1.158203125000000000e+00
3.293457031250000000e-01
-6.500244140625000000e-02
2.392578125000000000e-01
-3.823242187500000000e-01
2.834472656250000000e-01
-3.461914062500000000e-01
2.269531250000000000e+00
-3.571777343750000000e-01
-1.164062500000000000e+00
-2.109375000000000000e+00
5.024414062500000000e-01
-1.046875000000000000e+00
7.304687500000000000e-01
-1.691406250000000000e+00
-1.495117187500000000e+00
8.007812500000000000e-02
8.681640625000000000e-01
1.048828125000000000e+00
2.478027343750000000e-01
7.700195312500000000e-01
9.814453125000000000e-01
-4.243164062500000000e-01
-8.525390625000000000e-01
-1.382812500000000000e+00
2.364501953125000000e-01
1.409179687500000000e+00
-1.125000000000000000e+00
1.486328125000000000e+00
-1.440429687500000000e+00
5.059814453125000000e-02
2.680664062500000000e-01
-7.392578125000000000e-01
2.085937500000000000e+00
2.004394531250000000e-01
-1.143554687500000000e+00
-8.515625000000000000e-01
-1.700439453125000000e-01
-1.764648437500000000e+00
-1.468750000000000000e+00
-5.375976562500000000e-01
2.029296875000000000e+00
-1.333618164062500000e-02
4.177246093750000000e-01
1.716308593750000000e-01
-2.240234375000000000e+00
4.619140625000000000e-01
-2.279296875000000000e+00
2.561035156250000000e-01
-1.117187500000000000e+00
-7.631835937500000000e-01
4.636718750000000000e+00
-1.487304687500000000e+00
1.489257812500000000e+00
-1.906738281250000000e-01
6.674804687500000000e-01
1.483398437500000000e+00
-2.771484375000000000e+00
7.094726562500000000e-01
1.283203125000000000e+00
1.570312500000000000e+00
-2.958984375000000000e-01
1.702880859375000000e-01
-1.286132812500000000e+00
8.842773437500000000e-01
3.884887695312500000e-02
3.517578125000000000e+00
-6.967773437500000000e-01
-6.181640625000000000e-01
-1.271972656250000000e-01
-1.942382812500000000e+00
4.897460937500000000e-01
9.921875000000000000e-01
1.919921875000000000e+00
1.041992187500000000e+00
-9.741210937500000000e-01
1.004638671875000000e-01
-5.307617187500000000e-01
1.469726562500000000e+00
-1.820312500000000000e+00
1.333984375000000000e+00
7.202148437500000000e-01
-8.378906250000000000e-01
1.839843750000000000e+00
-5.766601562500000000e-01
-7.441406250000000000e-01
3.276367187500000000e-01
1.639648437500000000e+00
4.558105468750000000e-01
-6.416015625000000000e-01
1.927734375000000000e+00
5.727539062500000000e-01
1.095703125000000000e+00
2.333984375000000000e+00
1.240234375000000000e-01
4.577636718750000000e-02
1.015625000000000000e+00
-3.637695312500000000e-01
8.681640625000000000e-01
7.602539062500000000e-01
3.186035156250000000e-01
-2.335937500000000000e+00
-8.110351562500000000e-01
2.488281250000000000e+00
-1.990966796875000000e-01
-2.054687500000000000e+00
1.467773437500000000e+00
1.972656250000000000e+00
2.432861328125000000e-01
1.402343750000000000e+00
-1.657226562500000000e+00
-1.704101562500000000e-01
7.104492187500000000e-01
-3.457031250000000000e+00
-2.541503906250000000e-01
-5.859375000000000000e-01
-1.059570312500000000e+00
4.394531250000000000e-01
-1.179687500000000000e+00
3.081054687500000000e-01
2.353515625000000000e+00
1.118164062500000000e+00
-1.219726562500000000e+00
1.187500000000000000e+00
8.120117187500000000e-01
-4.914550781250000000e-01
-1.303710937500000000e+00
-1.274414062500000000e+00
7.353515625000000000e-01
6.542968750000000000e-02
-2.519531250000000000e-01
-3.613281250000000000e-01
9.204101562500000000e-01
-8.759765625000000000e-01
-1.400390625000000000e+00
9.345703125000000000e-01
4.384765625000000000e-01
1.165039062500000000e+00
2.414062500000000000e+00
-2.342529296875000000e-01
4.221191406250000000e-01
1.668945312500000000e+00
1.438476562500000000e+00
-7.971191406250000000e-02
-1.531982421875000000e-01
-2.197265625000000000e+00
7.659912109375000000e-02
-1.178710937500000000e+00
-3.542480468750000000e-01
-2.878417968750000000e-01
-1.724609375000000000e+00
1.398925781250000000e-01
8.750000000000000000e-01
3.100585937500000000e-01
-9.387207031250000000e-02
2.460937500000000000e+00
2.324218750000000000e-01
7.646484375000000000e-01
-9.165039062500000000e-01
7.672119140625000000e-02
1.083984375000000000e-01
-2.105468750000000000e+00
4.680175781250000000e-01
8.710937500000000000e-01
-1.276367187500000000e+00
1.996093750000000000e+00
1.254882812500000000e+00
5.554199218750000000e-02
-9.072265625000000000e-01
4.072265625000000000e-01
-6.416015625000000000e-01
1.997070312500000000e+00
3.659667968750000000e-01
-8.750000000000000000e-01
-5.302734375000000000e-01
-1.241210937500000000e+00
1.559570312500000000e+00
-3.997802734375000000e-02
-8.686523437500000000e-01
-3.208007812500000000e-01
3.066406250000000000e-01
-2.121093750000000000e+00
1.926269531250000000e-01
4.528045654296875000e-03
1.477539062500000000e+00
-1.701171875000000000e+00
3.412109375000000000e+00
2.410888671875000000e-01
-1.595703125000000000e+00
-3.103515625000000000e+00
-7.385253906250000000e-02
2.394531250000000000e+00
-6.914062500000000000e-01
-6.220703125000000000e-01
-1.438140869140625000e-03
2.345703125000000000e+00
-1.167968750000000000e+00
1.861328125000000000e+00
3.205566406250000000e-01
-1.937500000000000000e+00
3.742675781250000000e-01
3.447265625000000000e-01
1.273437500000000000e+00
1.525390625000000000e+00
6.083984375000000000e-01
-3.054199218750000000e-01
-2.253906250000000000e+00
1.521484375000000000e+00
-1.133789062500000000e+00
-5.009765625000000000e-01
-5.517578125000000000e-01
1.249023437500000000e+00
-1.004028320312500000e-01
5.952148437500000000e-01
1.158203125000000000e+00
-7.855224609375000000e-02
1.000000000000000000e+00
8.125000000000000000e-01
-1.187500000000000000e+00
7.016601562500000000e-01
7.944335937500000000e-01
-4.128417968750000000e-01
1.000976562500000000e+00
3.518066406250000000e-01
5.458984375000000000e-01
2.202148437500000000e-01
-5.620117187500000000e-01
-7.880859375000000000e-01
-4.580688476562500000e-02
1.120117187500000000e+00
-2.699218750000000000e+00
-9.160156250000000000e-01
1.253906250000000000e+00
-2.407226562500000000e-01
3.173828125000000000e-01
2.138671875000000000e+00
2.854003906250000000e-01
1.237304687500000000e+00
-5.472656250000000000e+00
-1.121093750000000000e+00
8.403320312500000000e-01
1.257812500000000000e+00
2.568359375000000000e+00
-3.903808593750000000e-01
-7.822265625000000000e-01
-5.800781250000000000e-01
1.503906250000000000e+00
2.074218750000000000e+00
-8.247070312500000000e-01
1.253906250000000000e+00
7.250976562500000000e-01
-7.270507812500000000e-01
-6.098632812500000000e-01
-1.999511718750000000e-01
-1.534423828125000000e-01
-2.101562500000000000e+00
3.439453125000000000e+00
-1.918945312500000000e+00
1.075195312500000000e+00
2.332031250000000000e+00
-7.084960937500000000e-01
-6.865234375000000000e-01
5.834960937500000000e-01
-1.425781250000000000e+00
2.543945312500000000e-01
2.269531250000000000e+00
2.634277343750000000e-01
9.228515625000000000e-01
1.026367187500000000e+00
3.146484375000000000e+00
-1.632812500000000000e+00
-8.251953125000000000e-01
-1.087890625000000000e+00
1.078125000000000000e+00
-7.885742187500000000e-02
-1.835937500000000000e+00
-6.235351562500000000e-01
-1.084960937500000000e+00
8.154296875000000000e-01
-4.348144531250000000e-01
3.576660156250000000e-01
-2.121093750000000000e+00
2.043457031250000000e-01
8.935546875000000000e-01
1.665039062500000000e+00
-1.940917968750000000e-01
-6.381835937500000000e-01
4.743652343750000000e-01
6.220703125000000000e-01
-2.099609375000000000e+00
-4.665527343750000000e-01
1.925781250000000000e+00
7.949218750000000000e-01
-1.413085937500000000e+00
-1.580078125000000000e+00
-7.635498046875000000e-02
-6.826171875000000000e-01
1.133789062500000000e+00
-6.518554687500000000e-01
1.823242187500000000e+00
-5.693359375000000000e-01
5.268554687500000000e-01
-1.368164062500000000e+00
1.071289062500000000e+00
-1.346435546875000000e-01
-2.667968750000000000e+00
2.027343750000000000e+00
-1.892089843750000000e-02
1.361328125000000000e+00
-2.988281250000000000e-01
-3.781738281250000000e-01
1.388671875000000000e+00
-3.776855468750000000e-01
6.933593750000000000e-01
4.567871093750000000e-01
-1.884765625000000000e+00
-1.017578125000000000e+00
2.232421875000000000e+00
-2.304687500000000000e-01
-8.750915527343750000e-03
-7.709960937500000000e-01
1.284179687500000000e-01
-1.303710937500000000e+00
-1.064453125000000000e+00
-7.470703125000000000e-01
1.377105712890625000e-03
-4.523925781250000000e-01
1.954101562500000000e+00
4.506835937500000000e-01
1.496093750000000000e+00
-1.511718750000000000e+00
2.394531250000000000e+00
-1.301757812500000000e+00
1.049804687500000000e+00
4.157714843750000000e-01
-3.747558593750000000e-01
1.402587890625000000e-01
-9.736328125000000000e-01
5.576171875000000000e-01
-1.686523437500000000e+00
8.588867187500000000e-01
9.038085937500000000e-01
-6.127929687500000000e-01
1.571289062500000000e+00
-7.192382812500000000e-01
1.213867187500000000e+00
-6.872558593750000000e-02
-2.146484375000000000e+00
-5.415039062500000000e-01
1.345703125000000000e+00
1.670898437500000000e+00
1.354492187500000000e+00
-5.449218750000000000e-01
-7.519531250000000000e-01
3.522949218750000000e-01
-9.265136718750000000e-02
1.963867187500000000e+00
1.279296875000000000e+00
1.041870117187500000e-01
1.846679687500000000e+00
-5.708007812500000000e-01
1.724609375000000000e+00
2.093505859375000000e-01
-3.835449218750000000e-01
7.216796875000000000e-01
-1.644287109375000000e-01
1.372070312500000000e+00
9.716796875000000000e-01
-2.589843750000000000e+00
-7.305908203125000000e-02
-1.212768554687500000e-01
-1.482421875000000000e+00
-6.552734375000000000e-01
1.273437500000000000e+00
-9.477539062500000000e-01
-9.453125000000000000e-01
6.894531250000000000e-01
8.999023437500000000e-01
1.235351562500000000e+00
-8.969726562500000000e-01
1.498046875000000000e+00
8.969726562500000000e-01
-1.544921875000000000e+00
-9.321289062500000000e-01
-4.418945312500000000e-01
-1.399414062500000000e+00
-8.740234375000000000e-02
1.601562500000000000e+00
-3.356933593750000000e-01
-1.205078125000000000e+00
-7.358398437500000000e-01
4.492187500000000000e-01
-1.097412109375000000e-01
4.217529296875000000e-02
-2.867187500000000000e+00
1.199218750000000000e+00
5.698242187500000000e-01
-2.085937500000000000e+00
8.203125000000000000e-01
1.093750000000000000e+00
-1.097656250000000000e+00
-1.388671875000000000e+00
-1.308593750000000000e-01
-8.745117187500000000e-01
9.233398437500000000e-01
4.626464843750000000e-01
-2.541503906250000000e-01
-1.518554687500000000e+00
-3.015136718750000000e-01
1.567382812500000000e+00
3.457031250000000000e-01
-1.419921875000000000e+00
1.568359375000000000e+00
2.253906250000000000e+00
-7.060546875000000000e-01
7.504882812500000000e-01
-2.398437500000000000e+00
-8.266601562500000000e-01
3.408203125000000000e+00
2.175781250000000000e+00
-1.571289062500000000e+00
-2.846679687500000000e-01
7.138671875000000000e-01
8.754882812500000000e-01
-9.448242187500000000e-01
-1.385742187500000000e+00
-1.279296875000000000e+00
1.769531250000000000e+00
2.289062500000000000e+00
-1.928710937500000000e+00
1.226043701171875000e-02
3.088378906250000000e-01
6.289062500000000000e-01
-1.886718750000000000e+00
4.951171875000000000e-01
3.376464843750000000e-01
8.359375000000000000e-01
-1.150390625000000000e+00
-1.541748046875000000e-01
9.062500000000000000e-01
5.859375000000000000e+00
-2.272033691406250000e-02
-4.372558593750000000e-01
7.441406250000000000e-01
-2.519531250000000000e+00
7.153320312500000000e-01
-1.892578125000000000e+00
1.409179687500000000e+00
-1.071289062500000000e+00
4.663085937500000000e-02
6.658935546875000000e-02
1.138671875000000000e+00
4.648437500000000000e-01
4.039062500000000000e+00
-1.123046875000000000e+00
-1.612304687500000000e+00
-2.726562500000000000e+00
5.307617187500000000e-01
1.580078125000000000e+00
6.508789062500000000e-01
-4.755859375000000000e-01
2.478515625000000000e+00
-1.543945312500000000e+00
1.622314453125000000e-01
1.554687500000000000e+00
2.998046875000000000e+00
4.851074218750000000e-01
-2.851562500000000000e+00
1.082153320312500000e-01
9.443359375000000000e-01
-8.261718750000000000e-01
1.992187500000000000e+00
3.813476562500000000e-01
1.929931640625000000e-01
-2.943359375000000000e+00
1.925781250000000000e+00
9.536132812500000000e-01
-2.143554687500000000e-01
1.489257812500000000e+00
-9.555664062500000000e-01
-2.035156250000000000e+00
2.264404296875000000e-01
-2.810058593750000000e-01
9.741210937500000000e-01
2.615234375000000000e+00
-1.460937500000000000e+00
-1.375976562500000000e+00
5.400390625000000000e-01
1.243164062500000000e+00
1.414062500000000000e+00
8.666992187500000000e-02
2.873535156250000000e-01
-2.910156250000000000e-01
-1.953125000000000000e+00
8.535156250000000000e-01
-8.471679687500000000e-02
-1.173828125000000000e+00
2.375000000000000000e+00
-8.183593750000000000e-01
1.030273437500000000e+00
-2.175292968750000000e-01
-3.232421875000000000e-01
-1.407226562500000000e+00
-3.955078125000000000e-01
7.807617187500000000e-01
-1.265625000000000000e+00
5.063476562500000000e-01
-5.478515625000000000e-01
2.240234375000000000e+00
-5.695312500000000000e+00
-1.042968750000000000e+00
7.124023437500000000e-01
1.514648437500000000e+00
-7.890625000000000000e-01
-3.212890625000000000e-01
2.746093750000000000e+00
-1.182617187500000000e+00
-1.373291015625000000e-01
-1.176757812500000000e+00
-1.880859375000000000e+00
1.168945312500000000e+00
-2.425781250000000000e+00
-2.854003906250000000e-01
5.496215820312500000e-02
-1.806640625000000000e-01
1.086914062500000000e+00
1.166992187500000000e+00
-1.037109375000000000e+00
1.069335937500000000e+00
4.509277343750000000e-01
5.947265625000000000e-01
5.883789062500000000e-01
-1.157226562500000000e+00
1.924804687500000000e+00
1.238281250000000000e+00
2.744140625000000000e+00
-1.224609375000000000e+00
8.642578125000000000e-01
-5.283203125000000000e-01
-1.679687500000000000e+00
6.748046875000000000e-01
-1.511718750000000000e+00
-1.018554687500000000e+00
5.771484375000000000e-01
-1.687500000000000000e+00
2.291015625000000000e+00
7.285156250000000000e-01
2.626953125000000000e+00
1.943359375000000000e+00
2.001953125000000000e+00
-6.586914062500000000e-01
-3.051757812500000000e-01
9.287109375000000000e-01
-4.284667968750000000e-02
-1.887695312500000000e+00
-6.557617187500000000e-01
2.252197265625000000e-01
5.898437500000000000e-01
-1.752929687500000000e+00
-6.894531250000000000e-01
1.575195312500000000e+00
1.654296875000000000e+00
2.612304687500000000e-01
5.693359375000000000e-01
9.238281250000000000e-01
-5.473632812500000000e-01
1.240234375000000000e+00
4.252929687500000000e-01
-1.158447265625000000e-01
9.072265625000000000e-01
3.833984375000000000e+00
6.079101562500000000e-02
-1.010742187500000000e+00
-6.728515625000000000e-01
2.042968750000000000e+00
-1.017578125000000000e+00
-6.440429687500000000e-01
5.869140625000000000e-01
8.496093750000000000e-01
9.116210937500000000e-01
1.723632812500000000e+00
5.571289062500000000e-01
-8.041992187500000000e-01
1.782226562500000000e+00
1.591796875000000000e+00
-1.391601562500000000e+00
2.175781250000000000e+00
1.812500000000000000e+00
3.352050781250000000e-01
-4.045410156250000000e-01
-1.732177734375000000e-01
-2.519531250000000000e+00
-4.284667968750000000e-01
7.768554687500000000e-01
-1.887695312500000000e+00
1.526367187500000000e+00
-1.053710937500000000e+00
9.521484375000000000e-01
-3.625488281250000000e-01
-3.253906250000000000e+00
-1.220703125000000000e+00
2.524414062500000000e-01
-2.407226562500000000e-01
9.809570312500000000e-01
3.996582031250000000e-01
-1.954101562500000000e+00
4.501342773437500000e-02
2.990234375000000000e+00
3.712890625000000000e+00
-1.373046875000000000e+00
1.964111328125000000e-01
-1.027343750000000000e+00
-5.424804687500000000e-01
-7.158203125000000000e-01
9.750976562500000000e-01
5.668945312500000000e-01
-1.982421875000000000e-01
-1.994323730468750000e-02
-1.002929687500000000e+00
-1.092773437500000000e+00
-3.620605468750000000e-01
-2.700195312500000000e-01
6.352539062500000000e-01
2.292968750000000000e+00
-7.416992187500000000e-01
3.435058593750000000e-01
-3.220214843750000000e-01
6.005859375000000000e-01
-5.303955078125000000e-02
-2.041015625000000000e+00
-4.223632812500000000e-01
3.037109375000000000e+00
-8.120117187500000000e-01
-1.800537109375000000e-01
-6.875000000000000000e-01
-7.386718750000000000e+00
1.966796875000000000e+00
-1.916015625000000000e+00
4.125976562500000000e-01
-7.631835937500000000e-01
6.894531250000000000e-01
5.444335937500000000e-01
-1.604003906250000000e-01
-1.456054687500000000e+00
-9.726562500000000000e-01
-5.151367187500000000e-01
-1.103515625000000000e+00
-3.491210937500000000e-01
-1.452148437500000000e+00
5.512695312500000000e-01
1.089843750000000000e+00
-5.190429687500000000e-01
-7.890625000000000000e-01
-6.445312500000000000e-01
-8.442382812500000000e-01
1.425781250000000000e-01
-6.250000000000000000e-01
2.574218750000000000e+00
-1.529296875000000000e+00
1.116210937500000000e+00
-1.092773437500000000e+00
1.807617187500000000e+00
5.874023437500000000e-01
-1.488281250000000000e+00
-4.005432128906250000e-03
-3.852539062500000000e-01
-6.499023437500000000e-01
2.978515625000000000e-01
-1.243286132812500000e-01
8.618164062500000000e-01
-3.674316406250000000e-01
-2.431640625000000000e+00
1.329101562500000000e+00
1.184570312500000000e+00
2.287292480468750000e-02
-1.666992187500000000e+00
1.207031250000000000e+00
-1.107421875000000000e+00
-1.262695312500000000e+00
-2.441406250000000000e+00
2.153320312500000000e-01
-1.944335937500000000e+00
-2.349609375000000000e+00
-1.230468750000000000e+00
-2.218750000000000000e+00
6.179809570312500000e-02
3.410156250000000000e+00
-1.884765625000000000e-01
1.311523437500000000e+00
-1.398925781250000000e-01
2.556640625000000000e+00
2.058593750000000000e+00
9.013671875000000000e-01
-3.422851562500000000e-01
-3.574218750000000000e-01
-7.490234375000000000e-01
1.458007812500000000e+00
-1.360351562500000000e+00
-1.871093750000000000e+00
-1.050781250000000000e+00
-5.654296875000000000e-01
-1.335937500000000000e+00
-3.742675781250000000e-01
-1.210937500000000000e+00
-2.269531250000000000e+00
-4.370117187500000000e-01
-1.730346679687500000e-02
-2.115234375000000000e+00
-1.166992187500000000e+00
-1.081054687500000000e+00
4.599609375000000000e-01
2.033203125000000000e+00
-1.024780273437500000e-01
6.816406250000000000e-01
-1.031250000000000000e+00
-2.437500000000000000e+00
-1.401367187500000000e+00
-1.428222656250000000e-01
1.150390625000000000e+00
-4.922485351562500000e-02
-1.158203125000000000e+00
-9.184570312500000000e-01
2.731323242187500000e-02
-9.526367187500000000e-01
-8.066406250000000000e-01
-3.981933593750000000e-01
1.754882812500000000e+00
-9.316406250000000000e-01
2.729492187500000000e-01
-1.614990234375000000e-01
-9.091796875000000000e-01
-8.569335937500000000e-01
-9.106445312500000000e-01
-1.507568359375000000e-01
-3.325195312500000000e-01
1.728515625000000000e+00
7.358398437500000000e-01
-3.228515625000000000e+00
1.822265625000000000e+00
-6.430664062500000000e-01
-4.829101562500000000e-01
-9.234619140625000000e-02
-2.089843750000000000e+00
2.980468750000000000e+00
-4.205322265625000000e-02
1.541015625000000000e+00
1.337890625000000000e+00
1.945312500000000000e+00
1.307617187500000000e+00
1.766601562500000000e+00
4.626464843750000000e-02
-1.551757812500000000e+00
-2.481689453125000000e-01
3.074218750000000000e+00
3.693359375000000000e+00
2.150390625000000000e+00
2.066406250000000000e+00
2.046875000000000000e+00
