1.582031250000000000e+00
2.561035156250000000e-01
-1.320800781250000000e-01
2.727050781250000000e-01
-6.245117187500000000e-01
4.858398437500000000e-01
4.404296875000000000e-01
3.513183593750000000e-01
-4.453125000000000000e+00
6.611328125000000000e-01
-2.324218750000000000e-01
-1.401367187500000000e-01
9.887695312500000000e-01
-2.746093750000000000e+00
-1.709960937500000000e+00
-1.882812500000000000e+00
-4.770507812500000000e-01
8.076171875000000000e-01
-2.130859375000000000e+00
9.721679687500000000e-01
1.398437500000000000e+00
1.397460937500000000e+00
2.455078125000000000e+00
8.579101562500000000e-01
-3.730468750000000000e-01
9.169921875000000000e-01
3.430175781250000000e-01
-1.586914062500000000e+00
4.931640625000000000e-01
1.842773437500000000e+00
-2.845703125000000000e+00
8.972167968750000000e-02
2.306640625000000000e+00
-1.796875000000000000e+00
9.189453125000000000e-01
1.399414062500000000e+00
-5.024414062500000000e-01
-1.556640625000000000e+00
-1.034179687500000000e+00
-6.513671875000000000e-01
3.275390625000000000e+00
7.924804687500000000e-01
8.398437500000000000e-01
-1.968750000000000000e+00
8.964843750000000000e-01
-2.060546875000000000e-01
-4.521484375000000000e-01
2.736328125000000000e+00
6.557617187500000000e-01
1.788085937500000000e+00
3.559570312500000000e-01
-2.982421875000000000e+00
2.392578125000000000e+00
1.309570312500000000e+00
9.375000000000000000e-02
2.093750000000000000e+00
6.674804687500000000e-01
-2.685546875000000000e+00
-1.163085937500000000e+00
1.848144531250000000e-01
1.005249023437500000e-01
1.831054687500000000e-01
-1.958007812500000000e+00
-2.181640625000000000e+00
6.987304687500000000e-01
-1.442382812500000000e+00
-8.129882812500000000e-01
2.957031250000000000e+00
-3.972167968750000000e-01
2.021484375000000000e+00
9.570312500000000000e-01
1.003906250000000000e+00
1.067382812500000000e+00
-1.084960937500000000e+00
1.028320312500000000e+00
1.791992187500000000e+00
-1.267578125000000000e+00
1.231445312500000000e+00
1.582031250000000000e-01
8.320312500000000000e-01
2.165527343750000000e-01
-8.339843750000000000e-01
2.232421875000000000e+00
-9.086914062500000000e-01
-5.800781250000000000e-01
3.896484375000000000e-01
9.167480468750000000e-02
1.275390625000000000e+00
-1.222656250000000000e+00
-2.058593750000000000e+00
1.246093750000000000e+00
2.144531250000000000e+00
-2.091796875000000000e+00
2.134765625000000000e+00
9.741210937500000000e-02
-2.078857421875000000e-01
5.122070312500000000e-01
-1.522460937500000000e+00
9.741210937500000000e-01
1.467773437500000000e+00
8.750000000000000000e-01
-1.303710937500000000e+00
-3.884277343750000000e-01
-7.792968750000000000e-01
1.884765625000000000e+00
-2.325439453125000000e-01
1.525878906250000000e-02
-7.500000000000000000e-01
1.401367187500000000e-01
-1.014648437500000000e+00
-1.186523437500000000e+00
1.525878906250000000e-01
2.222656250000000000e+00
2.835937500000000000e+00
9.511718750000000000e-01
-2.227783203125000000e-01
-1.261718750000000000e+00
4.687500000000000000e-01
1.174804687500000000e+00
2.750000000000000000e+00
4.919433593750000000e-01
-3.356933593750000000e-01
7.094726562500000000e-01
2.576171875000000000e+00
6.353759765625000000e-02
1.089843750000000000e+00
2.636718750000000000e+00
-8.087158203125000000e-02
-1.121826171875000000e-01
6.850585937500000000e-01
-4.990234375000000000e-01
7.885742187500000000e-01
-1.660156250000000000e+00
-1.644134521484375000e-03
2.474609375000000000e+00
-4.243164062500000000e-01
2.117187500000000000e+00
-8.940429687500000000e-01
-2.939453125000000000e-01
2.667968750000000000e+00
-8.330078125000000000e-01
7.890625000000000000e-01
-2.048828125000000000e+00
-8.090820312500000000e-01
1.679687500000000000e+00
-7.343750000000000000e-01
1.018554687500000000e+00
6.835937500000000000e-01
-3.542480468750000000e-01
1.822265625000000000e+00
-1.083984375000000000e+00
-7.064819335937500000e-03
1.691406250000000000e+00
1.992187500000000000e-01
-1.312255859375000000e-01
-7.500000000000000000e-01
-5.966186523437500000e-03
8.413085937500000000e-01
1.607421875000000000e+00
-2.806640625000000000e+00
1.653320312500000000e+00
5.644531250000000000e-01
3.605957031250000000e-01
1.139648437500000000e+00
-6.118164062500000000e-01
1.091308593750000000e-01
-2.890625000000000000e-01
1.190429687500000000e+00
1.264648437500000000e+00
-1.585937500000000000e+00
-1.050781250000000000e+00
-1.401367187500000000e+00
-3.164062500000000000e-01
-5.258789062500000000e-01
2.019531250000000000e+00
-1.350585937500000000e+00
-6.835937500000000000e-01
-1.530273437500000000e+00
-3.417968750000000000e-01
5.986328125000000000e-01
1.166992187500000000e+00
-3.557128906250000000e-01
-1.018066406250000000e-01
1.185546875000000000e+00
1.824218750000000000e+00
-1.704101562500000000e+00
-1.189453125000000000e+00
-1.153320312500000000e+00
5.766601562500000000e-01
1.982421875000000000e+00
6.396484375000000000e-01
-2.105468750000000000e+00
-2.712402343750000000e-01
-2.044677734375000000e-01
-1.787109375000000000e+00
-1.051757812500000000e+00
1.961914062500000000e+00
2.653808593750000000e-01
-4.799804687500000000e-01
2.152343750000000000e+00
8.334960937500000000e-01
1.973632812500000000e+00
1.189453125000000000e+00
1.493164062500000000e+00
-1.101562500000000000e+00
1.705932617187500000e-02
-2.361328125000000000e+00
1.960937500000000000e+00
6.137695312500000000e-01
2.031250000000000000e-01
6.904296875000000000e-01
-1.715820312500000000e+00
-7.607421875000000000e-01
-9.282226562500000000e-01
1.578369140625000000e-01
8.188476562500000000e-01
1.665039062500000000e+00
-1.692382812500000000e+00
-2.359375000000000000e+00
-1.345703125000000000e+00
-8.686523437500000000e-01
1.933593750000000000e-01
-7.314453125000000000e-01
-5.667968750000000000e+00
1.626953125000000000e+00
-9.653320312500000000e-01
2.325439453125000000e-01
1.772460937500000000e+00
-1.291992187500000000e+00
-1.217773437500000000e+00
-3.421875000000000000e+00
-1.770507812500000000e+00
-3.703613281250000000e-01
-9.252929687500000000e-01
9.975585937500000000e-01
1.605468750000000000e+00
7.861328125000000000e-01
-2.830078125000000000e+00
1.083374023437500000e-02
2.310546875000000000e+00
1.440429687500000000e+00
1.020507812500000000e-01
-4.807128906250000000e-01
3.931640625000000000e+00
-1.693359375000000000e+00
5.722656250000000000e-01
-8.935546875000000000e-01
3.449707031250000000e-01
-1.666992187500000000e+00
-1.144531250000000000e+00
-1.223632812500000000e+00
-7.182617187500000000e-01
-8.134765625000000000e-01
3.210449218750000000e-01
9.020996093750000000e-02
9.826660156250000000e-02
-2.750000000000000000e+00
3.061523437500000000e-01
-1.030273437500000000e+00
-2.644531250000000000e+00
-1.056640625000000000e+00
-4.025878906250000000e-01
2.480468750000000000e+00
5.728149414062500000e-02
2.675781250000000000e-01
-1.673828125000000000e+00
3.574218750000000000e-01
-1.301269531250000000e-01
-3.247070312500000000e-01
1.308593750000000000e-01
4.749298095703125000e-03
2.378906250000000000e+00
4.058837890625000000e-02
2.011718750000000000e+00
-1.245117187500000000e-01
-8.730468750000000000e-01
2.126464843750000000e-01
5.136718750000000000e-01
-2.542968750000000000e+00
-1.614379882812500000e-02
8.203125000000000000e-01
1.854248046875000000e-01
-2.232421875000000000e+00
2.551269531250000000e-01
-6.499023437500000000e-01
-7.382812500000000000e-01
-4.082031250000000000e-01
4.296875000000000000e-02
2.212890625000000000e+00
6.293945312500000000e-01
-1.157226562500000000e+00
-9.897460937500000000e-01
1.035156250000000000e-01
1.049804687500000000e+00
-6.713867187500000000e-01
1.729492187500000000e+00
-6.005859375000000000e-01
-3.970703125000000000e+00
-9.384765625000000000e-01
1.904296875000000000e+00
3.908203125000000000e+00
-4.968261718750000000e-01
1.105957031250000000e-01
-1.556640625000000000e+00
1.083984375000000000e+00
5.024414062500000000e-01
6.650390625000000000e-01
4.653320312500000000e-01
1.931152343750000000e-01
2.898437500000000000e+00
1.063476562500000000e+00
2.202148437500000000e-01
2.797851562500000000e-01
1.901855468750000000e-01
-2.283935546875000000e-01
1.494140625000000000e-01
-1.155273437500000000e+00
-6.796875000000000000e+00
-1.055664062500000000e+00
2.700195312500000000e-01
-1.053710937500000000e+00
-2.523437500000000000e+00
-1.890625000000000000e+00
-7.109375000000000000e-01
1.794921875000000000e+00
-1.546875000000000000e+00
-9.173583984375000000e-02
1.331054687500000000e+00
-1.068725585937500000e-01
-2.417968750000000000e+00
3.464355468750000000e-01
-2.712890625000000000e+00
7.778320312500000000e-01
-2.298583984375000000e-01
2.700195312500000000e-01
-3.829956054687500000e-02
7.514648437500000000e-01
7.211914062500000000e-01
-8.764648437500000000e-02
-1.776123046875000000e-01
8.408203125000000000e-01
-2.070312500000000000e-01
3.638671875000000000e+00
1.253906250000000000e+00
9.277343750000000000e-01
1.557617187500000000e+00
-9.819335937500000000e-01
2.448730468750000000e-01
5.976562500000000000e-01
-1.412109375000000000e+00
-4.355468750000000000e-01
-1.330078125000000000e+00
1.680664062500000000e+00
2.001953125000000000e+00
3.586425781250000000e-01
-1.838867187500000000e+00
2.201171875000000000e+00
-4.702148437500000000e-01
2.259521484375000000e-01
-6.100463867187500000e-02
4.072265625000000000e-01
-7.525634765625000000e-02
-1.338867187500000000e+00
-1.031250000000000000e+00
9.545898437500000000e-01
-6.049804687500000000e-01
-9.809570312500000000e-01
-1.963867187500000000e+00
4.042968750000000000e-01
-9.018554687500000000e-01
2.519531250000000000e-01
-1.625000000000000000e+00
-7.207031250000000000e-01
-2.269531250000000000e+00
-2.271484375000000000e+00
2.007812500000000000e+00
-7.871093750000000000e-01
6.430664062500000000e-01
-7.802734375000000000e-01
-4.355468750000000000e-01
-1.267578125000000000e+00
1.691406250000000000e+00
-5.278320312500000000e-01
-1.844726562500000000e+00
-1.900634765625000000e-01
-7.104492187500000000e-02
1.657226562500000000e+00
1.606445312500000000e+00
2.834472656250000000e-01
4.848632812500000000e-01
5.903320312500000000e-01
-9.663085937500000000e-01
5.190429687500000000e-01
1.816406250000000000e+00
-2.119140625000000000e-01
-2.897949218750000000e-01
2.963867187500000000e-01
1.238281250000000000e+00
3.371582031250000000e-01
-7.445312500000000000e+00
-9.331054687500000000e-01
1.173095703125000000e-01
-3.552246093750000000e-01
-1.743164062500000000e+00
1.279296875000000000e+00
-1.075195312500000000e+00
-6.860351562500000000e-01
1.878662109375000000e-01
-1.919921875000000000e+00
-4.335937500000000000e+00
1.436767578125000000e-01
6.625976562500000000e-01
-8.750000000000000000e-01
2.113281250000000000e+00
9.023437500000000000e-01
8.251953125000000000e-01
1.537109375000000000e+00
1.649414062500000000e+00
2.349609375000000000e+00
-2.403564453125000000e-01
-4.589843750000000000e-01
-1.167968750000000000e+00
8.769531250000000000e-01
1.817626953125000000e-01
4.254150390625000000e-02
-2.746093750000000000e+00
1.112304687500000000e+00
4.599609375000000000e-01
2.980957031250000000e-01
1.955566406250000000e-01
1.464843750000000000e-01
1.267578125000000000e+00
7.978515625000000000e-01
-3.913574218750000000e-01
1.855468750000000000e+00
1.712646484375000000e-01
9.169921875000000000e-01
-1.754882812500000000e+00
-1.125000000000000000e+00
-5.541992187500000000e-01
-4.682617187500000000e-01
2.228515625000000000e+00
-1.751708984375000000e-01
4.402343750000000000e+00
-1.689453125000000000e+00
-3.469238281250000000e-01
-4.677734375000000000e-01
2.634277343750000000e-01
4.934082031250000000e-01
1.042968750000000000e+00
-1.239257812500000000e+00
-5.039062500000000000e-01
-1.968750000000000000e+00
-6.669921875000000000e-01
9.433593750000000000e-01
-1.989257812500000000e+00
-1.187500000000000000e+00
-1.724853515625000000e-01
-4.809570312500000000e-01
-2.751464843750000000e-01
-1.813964843750000000e-01
-1.908203125000000000e+00
1.792968750000000000e+00
2.397460937500000000e-01
7.578125000000000000e-01
-2.167968750000000000e+00
-7.988281250000000000e-01
1.582031250000000000e+00
-5.195312500000000000e-01
-8.209228515625000000e-02
-6.865234375000000000e-01
-2.215576171875000000e-01
1.684570312500000000e+00
-1.945312500000000000e+00
-1.116210937500000000e+00
-2.414550781250000000e-01
1.395507812500000000e+00
-2.503906250000000000e+00
-3.717041015625000000e-02
-1.295898437500000000e+00
1.795898437500000000e+00
-6.054687500000000000e-01
1.353515625000000000e+00
3.906250000000000000e-01
6.474609375000000000e-01
2.140625000000000000e+00
9.624023437500000000e-01
2.582031250000000000e+00
1.118164062500000000e+00
5.839843750000000000e-01
1.238403320312500000e-01
1.068359375000000000e+00
-3.256835937500000000e-01
-1.799316406250000000e-01
4.152832031250000000e-01
1.321289062500000000e+00
7.661132812500000000e-01
-8.728027343750000000e-02
5.795898437500000000e-01
1.026367187500000000e+00
8.837890625000000000e-01
1.375000000000000000e+00
4.885253906250000000e-01
1.473632812500000000e+00
3.933105468750000000e-01
1.909179687500000000e+00
1.753234863281250000e-02
9.863281250000000000e-01
-1.997070312500000000e+00
-6.166992187500000000e-01
-9.038085937500000000e-01
1.068359375000000000e+00
-9.033203125000000000e-01
-1.281250000000000000e+00
-1.002929687500000000e+00
1.774414062500000000e+00
-1.542968750000000000e-01
1.187500000000000000e+00
-6.167602539062500000e-02
-3.632812500000000000e-01
-9.326171875000000000e-01
-1.582031250000000000e+00
2.416015625000000000e+00
-1.763916015625000000e-01
4.118652343750000000e-01
-1.021484375000000000e+00
5.795898437500000000e-01
1.199218750000000000e+00
5.102539062500000000e-01
1.380859375000000000e+00
2.285156250000000000e+00
-1.270507812500000000e+00
-7.495117187500000000e-01
-2.460479736328125000e-03
-1.075195312500000000e+00
-6.303710937500000000e-01
1.027343750000000000e+00
8.847656250000000000e-01
-1.804687500000000000e+00
-1.177734375000000000e+00
-3.950195312500000000e-01
1.710937500000000000e+00
1.958984375000000000e+00
1.103515625000000000e+00
1.328125000000000000e+00
-2.615234375000000000e+00
-2.507812500000000000e+00
-1.959960937500000000e+00
-1.488281250000000000e+00
2.176513671875000000e-01
1.423828125000000000e+00
2.521484375000000000e+00
-2.273437500000000000e+00
8.852539062500000000e-01
-1.582031250000000000e+00
1.147460937500000000e+00
-2.042968750000000000e+00
-3.334960937500000000e-01
1.398437500000000000e+00
4.699707031250000000e-01
1.041015625000000000e+00
1.329101562500000000e+00
-5.273437500000000000e-01
1.257812500000000000e+00
9.580078125000000000e-01
6.030273437500000000e-01
-3.257812500000000000e+00
-1.047851562500000000e+00
-8.959960937500000000e-01
-1.957031250000000000e+00
-6.489257812500000000e-01
1.377929687500000000e+00
1.861328125000000000e+00
4.050292968750000000e-01
-9.106445312500000000e-02
1.294921875000000000e+00
1.316406250000000000e+00
-6.904296875000000000e-01
-1.117187500000000000e+00
1.760742187500000000e+00
1.061523437500000000e+00
1.867187500000000000e+00
-1.831054687500000000e+00
-9.106445312500000000e-01
-2.958984375000000000e-01
-2.113281250000000000e+00
1.317382812500000000e+00
-1.193359375000000000e+00
2.209472656250000000e-01
3.977050781250000000e-01
3.768920898437500000e-02
6.899414062500000000e-01
6.158447265625000000e-02
-1.441650390625000000e-01
-3.119140625000000000e+00
7.973632812500000000e-01
-8.310546875000000000e-01
-1.798828125000000000e+00
-1.058349609375000000e-01
1.265625000000000000e+00
-2.485351562500000000e-01
-1.288085937500000000e+00
-9.033203125000000000e-03
-5.206298828125000000e-02
2.144531250000000000e+00
-3.281250000000000000e-01
3.046875000000000000e+00
1.451171875000000000e+00
-1.642578125000000000e+00
2.644042968750000000e-01
8.378906250000000000e-01
-2.939453125000000000e+00
3.383636474609375000e-03
-7.900390625000000000e-01
4.575195312500000000e-01
-6.464843750000000000e-01
-1.404296875000000000e+00
-2.032470703125000000e-01
6.274414062500000000e-01
6.787109375000000000e-01
3.142089843750000000e-01
-1.856445312500000000e+00
1.328125000000000000e+00
7.592773437500000000e-01
8.833007812500000000e-01
8.197021484375000000e-02
-8.549804687500000000e-01
8.740234375000000000e-01
2.669921875000000000e+00
2.658203125000000000e+00
-1.518554687500000000e+00
-5.478515625000000000e-01
-9.887695312500000000e-01
5.048828125000000000e-01
8.203125000000000000e-01
-1.518554687500000000e+00
-7.197265625000000000e-01
-4.487304687500000000e-01
9.682617187500000000e-01
7.647705078125000000e-02
2.949218750000000000e-01
-9.541015625000000000e-01
8.828125000000000000e-01
1.037109375000000000e+00
-1.154296875000000000e+00
1.033203125000000000e+00
5.136718750000000000e-01
1.796875000000000000e+00
4.323730468750000000e-01
1.395507812500000000e+00
6.093750000000000000e-01
5.952148437500000000e-01
-1.470703125000000000e+00
-1.140625000000000000e+00
-2.201843261718750000e-02
1.112670898437500000e-01
-1.452636718750000000e-01
8.605957031250000000e-02
1.517578125000000000e+00
3.698730468750000000e-01
-3.767089843750000000e-01
-4.441406250000000000e+00
-1.272460937500000000e+00
9.924316406250000000e-02
-3.193359375000000000e-01
6.513671875000000000e-01
1.372070312500000000e+00
1.156250000000000000e+00
8.955078125000000000e-01
1.235351562500000000e+00
-2.021484375000000000e+00
-3.566894531250000000e-01
8.203125000000000000e-01
9.877929687500000000e-01
-6.933593750000000000e-01
-4.147949218750000000e-01
3.979492187500000000e-01
2.636718750000000000e-01
1.018554687500000000e+00
1.329101562500000000e+00
-2.076416015625000000e-01
1.371093750000000000e+00
-1.486328125000000000e+00
-1.183593750000000000e+00
-4.406738281250000000e-02
1.449218750000000000e+00
-7.470703125000000000e-01
6.035156250000000000e-01
9.672851562500000000e-01
-4.291992187500000000e-01
-2.740234375000000000e+00
-5.781250000000000000e-01
5.761718750000000000e-01
-2.384033203125000000e-01
8.398437500000000000e-01
5.932617187500000000e-01
-1.049804687500000000e+00
1.544921875000000000e+00
1.732421875000000000e+00
-4.462890625000000000e-01
4.218750000000000000e-01
4.885864257812500000e-02
4.382324218750000000e-01
3.513671875000000000e+00
-7.465820312500000000e-01
4.580078125000000000e-01
-1.640625000000000000e+00
2.064453125000000000e+00
-8.559570312500000000e-01
-6.772460937500000000e-01
6.660156250000000000e-01
-1.640625000000000000e+00
-1.075195312500000000e+00
9.082031250000000000e-01
-1.072265625000000000e+00
-2.574218750000000000e+00
-1.688476562500000000e+00
2.119140625000000000e+00
9.736328125000000000e-01
2.279052734375000000e-01
-9.301757812500000000e-02
1.530273437500000000e+00
1.422119140625000000e-01
4.599609375000000000e-01
1.259765625000000000e+00
-4.216308593750000000e-01
8.466796875000000000e-01
2.988281250000000000e+00
8.916015625000000000e-01
7.128906250000000000e-01
-8.681640625000000000e-01
1.112304687500000000e+00
3.867187500000000000e-01
7.866210937500000000e-01
-1.563476562500000000e+00
1.607421875000000000e+00
-7.879638671875000000e-02
-2.775878906250000000e-01
6.293945312500000000e-01
-2.107421875000000000e+00
-9.018554687500000000e-01
2.489013671875000000e-01
1.723632812500000000e+00
3.865234375000000000e+00
4.643554687500000000e-01
1.721679687500000000e+00
7.066406250000000000e+00
1.977539062500000000e+00
-1.370117187500000000e+00
-2.656555175781250000e-02
6.689453125000000000e-01
-1.237792968750000000e-01
2.242187500000000000e+00
3.735351562500000000e-01
-7.265625000000000000e-01
3.234863281250000000e-01
8.002929687500000000e-01
-7.026367187500000000e-01
1.113281250000000000e+00
8.579101562500000000e-01
9.564208984375000000e-02
-8.339843750000000000e-01
-1.771484375000000000e+00
1.423828125000000000e+00
-7.290039062500000000e-01
-1.321289062500000000e+00
-8.779296875000000000e-01
-4.282226562500000000e-01
-7.368164062500000000e-01
-1.409179687500000000e+00
-6.840820312500000000e-01
-1.061248779296875000e-02
-1.942382812500000000e+00
-9.272460937500000000e-01
-1.760864257812500000e-02
-1.500000000000000000e+00
4.409179687500000000e-01
-1.568359375000000000e+00
2.042968750000000000e+00
5.740356445312500000e-02
-5.615234375000000000e-01
-1.915039062500000000e+00
6.411132812500000000e-01
-2.384033203125000000e-01
-2.558593750000000000e-01
1.281738281250000000e-01
2.512207031250000000e-01
-4.403686523437500000e-02
-2.130859375000000000e+00
1.043945312500000000e+00
-2.890014648437500000e-02
1.009765625000000000e+00
6.328125000000000000e-01
-9.912109375000000000e-01
-7.543945312500000000e-02
-5.810546875000000000e-01
-3.872070312500000000e-01
3.315429687500000000e-01
1.071289062500000000e+00
-1.204101562500000000e+00
-5.249023437500000000e-02
-1.791015625000000000e+00
1.012695312500000000e+00
2.264404296875000000e-01
-3.854980468750000000e-01
1.527343750000000000e+00
-1.144531250000000000e+00
5.380859375000000000e-01
3.972167968750000000e-01
1.919921875000000000e+00
-4.199218750000000000e-01
1.003906250000000000e+00
-2.636718750000000000e-01
-8.613281250000000000e-01
-9.833984375000000000e-01
1.919921875000000000e+00
-8.679199218750000000e-02
-1.013671875000000000e+00
-4.501953125000000000e-01
8.598632812500000000e-01
-1.900634765625000000e-01
2.817382812500000000e-01
6.787109375000000000e-01
1.119995117187500000e-01
-4.826660156250000000e-01
-1.754882812500000000e+00
1.600585937500000000e+00
-2.678222656250000000e-01
7.583007812500000000e-01
-3.000488281250000000e-01
5.727539062500000000e-01
3.706054687500000000e-01
-1.621093750000000000e+00
-1.117187500000000000e+00
5.791015625000000000e-01
7.778320312500000000e-01
1.359863281250000000e-01
4.277343750000000000e-01
2.368164062500000000e-01
-1.925781250000000000e+00
1.679687500000000000e+00
-1.722412109375000000e-01
1.356445312500000000e+00
1.597900390625000000e-01
-3.137207031250000000e-02
1.269531250000000000e+00
7.529296875000000000e-01
-2.074218750000000000e+00
1.003906250000000000e+00
1.130859375000000000e+00
7.827148437500000000e-01
-1.023437500000000000e+00
-7.260742187500000000e-01
-1.993164062500000000e+00
2.418212890625000000e-01
-5.366210937500000000e-01
-2.297973632812500000e-02
1.589843750000000000e+00
-2.734375000000000000e+00
1.976318359375000000e-01
1.873046875000000000e+00
-8.701171875000000000e-01
4.252929687500000000e-01
-7.666015625000000000e-01
-2.140625000000000000e+00
-2.078125000000000000e+00
-1.008789062500000000e+00
-1.207031250000000000e+00
3.881835937500000000e-01
4.807128906250000000e-01
-1.666992187500000000e+00
6.113281250000000000e-01
-1.129150390625000000e-01
-1.107421875000000000e+00
5.605468750000000000e-01
-1.119140625000000000e+00
-1.168945312500000000e+00
3.842773437500000000e-01
-2.257080078125000000e-01
-1.191406250000000000e+00
-1.223632812500000000e+00
-3.415527343750000000e-01
-3.100585937500000000e-01
-4.033203125000000000e-01
-1.946289062500000000e+00
-1.086914062500000000e+00
-1.559570312500000000e+00
8.437500000000000000e-01
3.011718750000000000e+00
1.183593750000000000e+00
-1.201171875000000000e+00
4.411621093750000000e-01
-2.505859375000000000e+00
-9.375000000000000000e-01
-1.286132812500000000e+00
-8.916015625000000000e-01
9.335937500000000000e-01
-1.343750000000000000e+00
-6.396484375000000000e-01
-4.211425781250000000e-01
-8.579101562500000000e-01
-6.875000000000000000e+00
5.000000000000000000e-01
-9.628906250000000000e-01
-2.783203125000000000e-01
1.370117187500000000e+00
2.146484375000000000e+00
7.797851562500000000e-01
2.568359375000000000e+00
-1.958007812500000000e-01
7.983398437500000000e-02
2.148437500000000000e-01
8.457031250000000000e-01
1.540527343750000000e-01
-1.096679687500000000e+00
9.980468750000000000e-01
2.302246093750000000e-01
7.246093750000000000e-01
2.196044921875000000e-01
-3.105468750000000000e-01
-9.075927734375000000e-02
-1.587890625000000000e+00
2.242431640625000000e-01
2.822265625000000000e+00
8.237304687500000000e-01
-9.663085937500000000e-01
1.669921875000000000e+00
-3.208007812500000000e-01
-8.974609375000000000e-01
-6.773437500000000000e+00
-8.574218750000000000e-01
-1.602539062500000000e+00
-2.143554687500000000e-01
3.710937500000000000e-01
3.112792968750000000e-01
1.323242187500000000e+00
-5.770874023437500000e-02
-1.733398437500000000e+00
1.488037109375000000e-01
5.395507812500000000e-01
2.111328125000000000e+00
-3.190917968750000000e-01
-2.025146484375000000e-01
-4.877929687500000000e-01
1.103515625000000000e+00
1.236572265625000000e-01
2.370605468750000000e-01
1.647460937500000000e+00
-6.533203125000000000e-01
7.135009765625000000e-02
9.096679687500000000e-01
-4.522705078125000000e-02
-3.054687500000000000e+00
-1.267578125000000000e+00
9.902343750000000000e-01
3.287109375000000000e+00
-1.609375000000000000e+00
-1.419921875000000000e+00
-1.502929687500000000e+00
-1.585937500000000000e+00
-3.161621093750000000e-01
4.187011718750000000e-01
7.426757812500000000e-01
2.266845703125000000e-01
1.416992187500000000e+00
3.354492187500000000e-01
-8.247070312500000000e-01
6.401367187500000000e-01
1.375976562500000000e+00
1.462890625000000000e+00
-9.653320312500000000e-01
6.845703125000000000e-01
-6.547851562500000000e-01
1.033203125000000000e+00
1.127929687500000000e+00
-8.046875000000000000e-01
1.088867187500000000e+00
6.557617187500000000e-01
-9.291992187500000000e-01
1.623535156250000000e-01
-1.841796875000000000e+00
1.832275390625000000e-01
-2.031250000000000000e+00
-8.110351562500000000e-01
-5.722656250000000000e-01
-1.643554687500000000e+00
-6.328125000000000000e-01
-4.406738281250000000e-01
-2.318115234375000000e-01
1.606445312500000000e+00
5.317382812500000000e-01
-9.062500000000000000e-01
-4.011230468750000000e-01
7.480468750000000000e-01
1.690864562988281250e-03
-1.512695312500000000e+00
4.506835937500000000e-01
-5.834960937500000000e-01
-1.408203125000000000e+00
-1.771484375000000000e+00
1.048828125000000000e+00
-1.414062500000000000e+00
-1.907226562500000000e+00
-5.072021484375000000e-02
2.661132812500000000e-01
1.651367187500000000e+00
-1.356445312500000000e+00
7.265625000000000000e-01
-1.658203125000000000e+00
1.065429687500000000e+00
-1.098022460937500000e-01
1.708007812500000000e+00
2.958984375000000000e-01
-7.460937500000000000e-01
-1.937500000000000000e+00
-4.562988281250000000e-01
-3.742675781250000000e-01
3.347656250000000000e+00
5.815429687500000000e-01
-1.062500000000000000e+00
1.351562500000000000e+00
-7.880859375000000000e-01
-1.143554687500000000e+00
-1.864257812500000000e+00
